9.465000000000000568e+01
9.535999999999999943e+01
9.629999999999999716e+01
9.601000000000000512e+01
9.598000000000000398e+01
9.618000000000000682e+01
9.600000000000000000e+01
9.625000000000000000e+01
9.675000000000000000e+01
9.659000000000000341e+01
9.629999999999999716e+01
9.585999999999999943e+01
9.679000000000000625e+01
9.626999999999999602e+01
9.626000000000000512e+01
9.612999999999999545e+01
9.650000000000000000e+01
9.662999999999999545e+01
9.673000000000000398e+01
9.626999999999999602e+01
9.618999999999999773e+01
9.637000000000000455e+01
9.668999999999999773e+01
9.648999999999999488e+01
9.634999999999999432e+01
9.648000000000000398e+01
9.615000000000000568e+01
9.662999999999999545e+01
9.659999999999999432e+01
9.626999999999999602e+01
9.725000000000000000e+01
9.687999999999999545e+01
9.668000000000000682e+01
9.676000000000000512e+01
9.693000000000000682e+01
9.745000000000000284e+01
9.678000000000000114e+01
9.703000000000000114e+01
9.646999999999999886e+01
9.648999999999999488e+01
9.695000000000000284e+01
9.700000000000000000e+01
9.675000000000000000e+01
9.701000000000000512e+01
9.656000000000000227e+01
9.654999999999999716e+01
9.653000000000000114e+01
9.671999999999999886e+01
9.706000000000000227e+01
9.681999999999999318e+01
