[0, 15]
[0, 1, 2, 3, 4, 5, 6, 7, 8, 15, 20, 21, 16, 18, 12, 26, 10, 14, 19, 29, 22]
[1, 1, 1, 1, 1, 1, 1, 1, 1, 0, 1, 0, 1, 0, 1, 1, 1, 0, 1, 1, 1, 1, 1, 0, 0, 0, 1, 0, 0, 1]
[0.8499981680693227, 0.8499981680693227, 0.8499981680693227, 0.8499981680693227, 0.8499981680693227, 0.8499981680693227, 0.8499981680693227, 0.8499981680693227, 0.8499981680693227, 0.0008121254129634064, 0.8499981680693227, 0.0008121254129634064, 0.8499981680693227, 0.0008121254129634064, 0.8499981680693227, 0.8499981680693227, 0.8499981680693227, 0.0008121254129634064, 0.8499981680693227, 0.8499981680693227, 0.8499981680693227, 0.8499981680693227, 0.8499981680693227, 0.0008121254129634064, 0.0008121254129634064, 0.0008121254129634064, 0.8499981680693227, 0.0008121254129634064, 0.0008121254129634064, 0.8499981680693227]


[16, 10]
[10, 16, 12, 24, 15, 18, 26, 22, 14, 20, 19, 13, 25, 21, 23, 9, 29, 11, 27, 17, 28]
[1, 1, 1, 1, 1, 1, 1, 1, 1, 1, 2, 1, 2, 1, 2, 2, 2, 1, 2, 2, 2, 2, 2, 1, 1, 1, 2, 1, 1, 2]
[0.709464181510776, 0.709464181510776, 0.709464181510776, 0.709464181510776, 0.709464181510776, 0.709464181510776, 0.709464181510776, 0.709464181510776, 0.709464181510776, 0.709464181510776, 0.8499981680693227, 0.709464181510776, 0.8499981680693227, 0.709464181510776, 0.8499981680693227, 0.8499981680693227, 0.8499981680693227, 0.709464181510776, 0.8499981680693227, 0.8499981680693227, 0.8499981680693227, 0.8499981680693227, 0.8499981680693227, 0.709464181510776, 0.709464181510776, 0.709464181510776, 0.8499981680693227, 0.709464181510776, 0.709464181510776, 0.8499981680693227]


[15, 19]
[15, 19, 16, 22, 13, 27, 12, 11, 24, 25, 20, 10, 9, 21, 17, 23, 14, 29, 18, 26, 28]
[1, 1, 1, 1, 1, 1, 1, 1, 1, 2, 3, 2, 3, 2, 3, 3, 3, 2, 3, 3, 3, 3, 3, 2, 2, 2, 3, 2, 2, 3]
[8.844488671879211e-09, 8.844488671879211e-09, 8.844488671879211e-09, 8.844488671879211e-09, 8.844488671879211e-09, 8.844488671879211e-09, 8.844488671879211e-09, 8.844488671879211e-09, 8.844488671879211e-09, 0.709464181510776, 0.8499981680693227, 0.709464181510776, 0.8499981680693227, 0.709464181510776, 0.8499981680693227, 0.8499981680693227, 0.8499981680693227, 0.709464181510776, 0.8499981680693227, 0.8499981680693227, 0.8499981680693227, 0.8499981680693227, 0.8499981680693227, 0.709464181510776, 0.709464181510776, 0.709464181510776, 0.8499981680693227, 0.709464181510776, 0.709464181510776, 0.8499981680693227]


[17, 22]
[17, 22, 11, 16, 18, 9, 19, 12, 27, 14, 26, 10, 20, 23, 28, 25, 15, 29, 24, 21, 13]
[1, 1, 1, 1, 1, 1, 1, 1, 1, 3, 4, 3, 4, 3, 4, 4, 4, 3, 4, 4, 4, 4, 4, 3, 3, 3, 4, 3, 3, 4]
[8.844488671879211e-09, 8.844488671879211e-09, 8.844488671879211e-09, 8.844488671879211e-09, 8.844488671879211e-09, 8.844488671879211e-09, 8.844488671879211e-09, 8.844488671879211e-09, 8.844488671879211e-09, 0.709464181510776, 0.8499981680693227, 0.709464181510776, 0.8499981680693227, 0.709464181510776, 0.8499981680693227, 0.8499981680693227, 0.8499981680693227, 0.709464181510776, 0.8499981680693227, 0.8499981680693227, 0.8499981680693227, 0.8499981680693227, 0.8499981680693227, 0.709464181510776, 0.709464181510776, 0.709464181510776, 0.8499981680693227, 0.709464181510776, 0.709464181510776, 0.8499981680693227]


[11, 29]
[11, 29, 19, 9, 28, 14, 15, 12, 27, 17, 25, 21, 10, 18, 26, 20, 13, 16, 22, 23, 24]
[1, 1, 1, 1, 1, 1, 1, 1, 1, 4, 5, 4, 5, 4, 5, 5, 5, 4, 5, 5, 5, 5, 5, 4, 4, 4, 5, 4, 4, 5]
[8.844488671879211e-09, 8.844488671879211e-09, 8.844488671879211e-09, 8.844488671879211e-09, 8.844488671879211e-09, 8.844488671879211e-09, 8.844488671879211e-09, 8.844488671879211e-09, 8.844488671879211e-09, 0.709464181510776, 0.8499981680693227, 0.709464181510776, 0.8499981680693227, 0.709464181510776, 0.8499981680693227, 0.8499981680693227, 0.8499981680693227, 0.709464181510776, 0.8499981680693227, 0.8499981680693227, 0.8499981680693227, 0.8499981680693227, 0.8499981680693227, 0.709464181510776, 0.709464181510776, 0.709464181510776, 0.8499981680693227, 0.709464181510776, 0.709464181510776, 0.8499981680693227]


[19, 23]
[19, 23, 15, 14, 11, 21, 20, 27, 16, 22, 28, 26, 12, 13, 29, 10, 18, 9, 17, 24, 25]
[1, 1, 1, 1, 1, 1, 1, 1, 1, 5, 6, 5, 6, 5, 6, 6, 6, 5, 6, 6, 6, 6, 6, 5, 5, 5, 6, 5, 5, 6]
[8.844488671879211e-09, 8.844488671879211e-09, 8.844488671879211e-09, 8.844488671879211e-09, 8.844488671879211e-09, 8.844488671879211e-09, 8.844488671879211e-09, 8.844488671879211e-09, 8.844488671879211e-09, 0.709464181510776, 0.8499981680693227, 0.709464181510776, 0.8499981680693227, 0.709464181510776, 0.8499981680693227, 0.8499981680693227, 0.8499981680693227, 0.709464181510776, 0.8499981680693227, 0.8499981680693227, 0.8499981680693227, 0.8499981680693227, 0.8499981680693227, 0.709464181510776, 0.709464181510776, 0.709464181510776, 0.8499981680693227, 0.709464181510776, 0.709464181510776, 0.8499981680693227]


[12, 22]
[12, 22, 20, 18, 15, 14, 13, 29, 11, 28, 10, 16, 21, 19, 17, 27, 9, 24, 25, 26, 23]
[1, 1, 1, 1, 1, 1, 1, 1, 1, 6, 7, 6, 7, 6, 7, 7, 7, 6, 7, 7, 7, 7, 7, 6, 6, 6, 7, 6, 6, 7]
[8.844488671879211e-09, 8.844488671879211e-09, 8.844488671879211e-09, 8.844488671879211e-09, 8.844488671879211e-09, 8.844488671879211e-09, 8.844488671879211e-09, 8.844488671879211e-09, 8.844488671879211e-09, 0.709464181510776, 0.8499981680693227, 0.709464181510776, 0.8499981680693227, 0.709464181510776, 0.8499981680693227, 0.8499981680693227, 0.8499981680693227, 0.709464181510776, 0.8499981680693227, 0.8499981680693227, 0.8499981680693227, 0.8499981680693227, 0.8499981680693227, 0.709464181510776, 0.709464181510776, 0.709464181510776, 0.8499981680693227, 0.709464181510776, 0.709464181510776, 0.8499981680693227]


[29, 13]
[13, 29, 19, 11, 17, 9, 21, 26, 27, 15, 10, 18, 14, 28, 22, 20, 16, 25, 24, 23, 12]
[1, 1, 1, 1, 1, 1, 1, 1, 1, 7, 8, 7, 8, 7, 8, 8, 8, 7, 8, 8, 8, 8, 8, 7, 7, 7, 8, 7, 7, 8]
[8.844488671879211e-09, 8.844488671879211e-09, 8.844488671879211e-09, 8.844488671879211e-09, 8.844488671879211e-09, 8.844488671879211e-09, 8.844488671879211e-09, 8.844488671879211e-09, 8.844488671879211e-09, 0.709464181510776, 0.8499981680693227, 0.709464181510776, 0.8499981680693227, 0.709464181510776, 0.8499981680693227, 0.8499981680693227, 0.8499981680693227, 0.709464181510776, 0.8499981680693227, 0.8499981680693227, 0.8499981680693227, 0.8499981680693227, 0.8499981680693227, 0.709464181510776, 0.709464181510776, 0.709464181510776, 0.8499981680693227, 0.709464181510776, 0.709464181510776, 0.8499981680693227]


[21, 20]
[20, 21, 29, 9, 11, 19, 10, 14, 18, 17, 15, 27, 25, 22, 13, 24, 28, 26, 16, 23, 12]
[1, 1, 1, 1, 1, 1, 1, 1, 1, 8, 9, 8, 9, 8, 9, 9, 9, 8, 9, 9, 9, 9, 9, 8, 8, 8, 9, 8, 8, 9]
[8.844488671879211e-09, 8.844488671879211e-09, 8.844488671879211e-09, 8.844488671879211e-09, 8.844488671879211e-09, 8.844488671879211e-09, 8.844488671879211e-09, 8.844488671879211e-09, 8.844488671879211e-09, 0.709464181510776, 0.8499981680693227, 0.709464181510776, 0.8499981680693227, 0.709464181510776, 0.8499981680693227, 0.8499981680693227, 0.8499981680693227, 0.709464181510776, 0.8499981680693227, 0.8499981680693227, 0.8499981680693227, 0.8499981680693227, 0.8499981680693227, 0.709464181510776, 0.709464181510776, 0.709464181510776, 0.8499981680693227, 0.709464181510776, 0.709464181510776, 0.8499981680693227]


[24, 10]
[10, 24, 21, 14, 18, 13, 19, 16, 29, 11, 15, 17, 25, 9, 27, 22, 23, 20, 28, 26, 12]
[1, 1, 1, 1, 1, 1, 1, 1, 1, 9, 10, 9, 10, 9, 10, 10, 10, 9, 10, 10, 10, 10, 10, 9, 9, 9, 10, 9, 9, 10]
[8.844488671879211e-09, 8.844488671879211e-09, 8.844488671879211e-09, 8.844488671879211e-09, 8.844488671879211e-09, 8.844488671879211e-09, 8.844488671879211e-09, 8.844488671879211e-09, 8.844488671879211e-09, 0.709464181510776, 0.8499981680693227, 0.709464181510776, 0.8499981680693227, 0.709464181510776, 0.8499981680693227, 0.8499981680693227, 0.8499981680693227, 0.709464181510776, 0.8499981680693227, 0.8499981680693227, 0.8499981680693227, 0.8499981680693227, 0.8499981680693227, 0.709464181510776, 0.709464181510776, 0.709464181510776, 0.8499981680693227, 0.709464181510776, 0.709464181510776, 0.8499981680693227]


[29, 20]
[20, 29, 11, 14, 9, 21, 18, 19, 22, 13, 17, 27, 25, 26, 10, 15, 16, 28, 24, 23, 12]
[1, 1, 1, 1, 1, 1, 1, 1, 1, 10, 11, 10, 11, 10, 11, 11, 11, 10, 11, 11, 11, 11, 11, 10, 10, 10, 11, 10, 10, 11]
[8.844488671879211e-09, 8.844488671879211e-09, 8.844488671879211e-09, 8.844488671879211e-09, 8.844488671879211e-09, 8.844488671879211e-09, 8.844488671879211e-09, 8.844488671879211e-09, 8.844488671879211e-09, 0.709464181510776, 0.8499981680693227, 0.709464181510776, 0.8499981680693227, 0.709464181510776, 0.8499981680693227, 0.8499981680693227, 0.8499981680693227, 0.709464181510776, 0.8499981680693227, 0.8499981680693227, 0.8499981680693227, 0.8499981680693227, 0.8499981680693227, 0.709464181510776, 0.709464181510776, 0.709464181510776, 0.8499981680693227, 0.709464181510776, 0.709464181510776, 0.8499981680693227]


[15, 14]
[14, 15, 29, 11, 13, 16, 21, 19, 10, 24, 18, 9, 27, 17, 22, 23, 26, 25, 20, 28, 12]
[1, 1, 1, 1, 1, 1, 1, 1, 1, 11, 12, 11, 12, 11, 12, 12, 12, 11, 12, 12, 12, 12, 12, 11, 11, 11, 12, 11, 11, 12]
[8.844488671879211e-09, 8.844488671879211e-09, 8.844488671879211e-09, 8.844488671879211e-09, 8.844488671879211e-09, 8.844488671879211e-09, 8.844488671879211e-09, 8.844488671879211e-09, 8.844488671879211e-09, 0.709464181510776, 0.8499981680693227, 0.709464181510776, 0.8499981680693227, 0.709464181510776, 0.8499981680693227, 0.8499981680693227, 0.8499981680693227, 0.709464181510776, 0.8499981680693227, 0.8499981680693227, 0.8499981680693227, 0.8499981680693227, 0.8499981680693227, 0.709464181510776, 0.709464181510776, 0.709464181510776, 0.8499981680693227, 0.709464181510776, 0.709464181510776, 0.8499981680693227]


[17, 24]
[17, 24, 29, 14, 10, 13, 22, 16, 18, 19, 26, 9, 21, 27, 11, 15, 20, 25, 23, 12, 28]
[1, 1, 1, 1, 1, 1, 1, 1, 1, 12, 13, 12, 13, 12, 13, 13, 13, 12, 13, 13, 13, 13, 13, 12, 12, 12, 13, 12, 12, 13]
[8.844488671879211e-09, 8.844488671879211e-09, 8.844488671879211e-09, 8.844488671879211e-09, 8.844488671879211e-09, 8.844488671879211e-09, 8.844488671879211e-09, 8.844488671879211e-09, 8.844488671879211e-09, 0.709464181510776, 0.8499981680693227, 0.709464181510776, 0.8499981680693227, 0.709464181510776, 0.8499981680693227, 0.8499981680693227, 0.8499981680693227, 0.709464181510776, 0.8499981680693227, 0.8499981680693227, 0.8499981680693227, 0.8499981680693227, 0.8499981680693227, 0.709464181510776, 0.709464181510776, 0.709464181510776, 0.8499981680693227, 0.709464181510776, 0.709464181510776, 0.8499981680693227]


[15, 10]
[10, 15, 14, 19, 21, 29, 13, 23, 16, 17, 11, 27, 22, 18, 9, 25, 24, 26, 28, 20, 12]
[1, 1, 1, 1, 1, 1, 1, 1, 1, 13, 14, 13, 14, 13, 14, 14, 14, 13, 14, 14, 14, 14, 14, 13, 13, 13, 14, 13, 13, 14]
[8.844488671879211e-09, 8.844488671879211e-09, 8.844488671879211e-09, 8.844488671879211e-09, 8.844488671879211e-09, 8.844488671879211e-09, 8.844488671879211e-09, 8.844488671879211e-09, 8.844488671879211e-09, 0.709464181510776, 0.8499981680693227, 0.709464181510776, 0.8499981680693227, 0.709464181510776, 0.8499981680693227, 0.8499981680693227, 0.8499981680693227, 0.709464181510776, 0.8499981680693227, 0.8499981680693227, 0.8499981680693227, 0.8499981680693227, 0.8499981680693227, 0.709464181510776, 0.709464181510776, 0.709464181510776, 0.8499981680693227, 0.709464181510776, 0.709464181510776, 0.8499981680693227]


[10, 14]
[10, 14, 23, 21, 16, 29, 11, 19, 22, 27, 17, 13, 15, 9, 24, 26, 25, 18, 20, 28, 12]
[1, 1, 1, 1, 1, 1, 1, 1, 1, 14, 15, 14, 15, 14, 15, 15, 15, 14, 15, 15, 15, 15, 15, 14, 14, 14, 15, 14, 14, 15]
[8.844488671879211e-09, 8.844488671879211e-09, 8.844488671879211e-09, 8.844488671879211e-09, 8.844488671879211e-09, 8.844488671879211e-09, 8.844488671879211e-09, 8.844488671879211e-09, 8.844488671879211e-09, 0.709464181510776, 0.8499981680693227, 0.709464181510776, 0.8499981680693227, 0.709464181510776, 0.8499981680693227, 0.8499981680693227, 0.8499981680693227, 0.709464181510776, 0.8499981680693227, 0.8499981680693227, 0.8499981680693227, 0.8499981680693227, 0.8499981680693227, 0.709464181510776, 0.709464181510776, 0.709464181510776, 0.8499981680693227, 0.709464181510776, 0.709464181510776, 0.8499981680693227]


[17, 22]
[17, 22, 29, 27, 14, 15, 26, 11, 9, 19, 21, 28, 16, 25, 13, 20, 24, 23, 18, 10, 12]
[1, 1, 1, 1, 1, 1, 1, 1, 1, 15, 16, 15, 16, 15, 16, 16, 16, 15, 16, 16, 16, 16, 16, 15, 15, 15, 16, 15, 15, 16]
[8.844488671879211e-09, 8.844488671879211e-09, 8.844488671879211e-09, 8.844488671879211e-09, 8.844488671879211e-09, 8.844488671879211e-09, 8.844488671879211e-09, 8.844488671879211e-09, 8.844488671879211e-09, 0.709464181510776, 0.8499981680693227, 0.709464181510776, 0.8499981680693227, 0.709464181510776, 0.8499981680693227, 0.8499981680693227, 0.8499981680693227, 0.709464181510776, 0.8499981680693227, 0.8499981680693227, 0.8499981680693227, 0.8499981680693227, 0.8499981680693227, 0.709464181510776, 0.709464181510776, 0.709464181510776, 0.8499981680693227, 0.709464181510776, 0.709464181510776, 0.8499981680693227]


[24, 18]
[18, 24, 29, 14, 21, 23, 28, 15, 25, 11, 9, 27, 26, 22, 17, 20, 16, 13, 19, 12, 10]
[1, 1, 1, 1, 1, 1, 1, 1, 1, 16, 17, 16, 17, 16, 17, 17, 17, 16, 17, 17, 17, 17, 17, 16, 16, 16, 17, 16, 16, 17]
[8.844488671879211e-09, 8.844488671879211e-09, 8.844488671879211e-09, 8.844488671879211e-09, 8.844488671879211e-09, 8.844488671879211e-09, 8.844488671879211e-09, 8.844488671879211e-09, 8.844488671879211e-09, 0.709464181510776, 0.8499981680693227, 0.709464181510776, 0.8499981680693227, 0.709464181510776, 0.8499981680693227, 0.8499981680693227, 0.8499981680693227, 0.709464181510776, 0.8499981680693227, 0.8499981680693227, 0.8499981680693227, 0.8499981680693227, 0.8499981680693227, 0.709464181510776, 0.709464181510776, 0.709464181510776, 0.8499981680693227, 0.709464181510776, 0.709464181510776, 0.8499981680693227]


[18, 15]
[15, 18, 29, 14, 22, 27, 23, 16, 11, 17, 9, 25, 19, 20, 26, 21, 28, 24, 13, 12, 10]
[1, 1, 1, 1, 1, 1, 1, 1, 1, 17, 18, 17, 18, 17, 18, 18, 18, 17, 18, 18, 18, 18, 18, 17, 17, 17, 18, 17, 17, 18]
[8.844488671879211e-09, 8.844488671879211e-09, 8.844488671879211e-09, 8.844488671879211e-09, 8.844488671879211e-09, 8.844488671879211e-09, 8.844488671879211e-09, 8.844488671879211e-09, 8.844488671879211e-09, 0.709464181510776, 0.8499981680693227, 0.709464181510776, 0.8499981680693227, 0.709464181510776, 0.8499981680693227, 0.8499981680693227, 0.8499981680693227, 0.709464181510776, 0.8499981680693227, 0.8499981680693227, 0.8499981680693227, 0.8499981680693227, 0.8499981680693227, 0.709464181510776, 0.709464181510776, 0.709464181510776, 0.8499981680693227, 0.709464181510776, 0.709464181510776, 0.8499981680693227]


[18, 20]
[18, 20, 23, 22, 25, 17, 29, 15, 9, 16, 14, 11, 24, 27, 21, 28, 19, 13, 26, 12, 10]
[1, 1, 1, 1, 1, 1, 1, 1, 1, 18, 19, 18, 19, 18, 19, 19, 19, 18, 19, 19, 19, 19, 19, 18, 18, 18, 19, 18, 18, 19]
[8.844488671879211e-09, 8.844488671879211e-09, 8.844488671879211e-09, 8.844488671879211e-09, 8.844488671879211e-09, 8.844488671879211e-09, 8.844488671879211e-09, 8.844488671879211e-09, 8.844488671879211e-09, 0.709464181510776, 0.8499981680693227, 0.709464181510776, 0.8499981680693227, 0.709464181510776, 0.8499981680693227, 0.8499981680693227, 0.8499981680693227, 0.709464181510776, 0.8499981680693227, 0.8499981680693227, 0.8499981680693227, 0.8499981680693227, 0.8499981680693227, 0.709464181510776, 0.709464181510776, 0.709464181510776, 0.8499981680693227, 0.709464181510776, 0.709464181510776, 0.8499981680693227]


[24, 28]
[24, 28, 17, 29, 27, 9, 22, 15, 16, 23, 14, 25, 26, 19, 18, 21, 11, 20, 13, 10, 12]
[1, 1, 1, 1, 1, 1, 1, 1, 1, 19, 20, 19, 20, 19, 20, 20, 20, 19, 20, 20, 20, 20, 20, 19, 19, 19, 20, 19, 19, 20]
[8.844488671879211e-09, 8.844488671879211e-09, 8.844488671879211e-09, 8.844488671879211e-09, 8.844488671879211e-09, 8.844488671879211e-09, 8.844488671879211e-09, 8.844488671879211e-09, 8.844488671879211e-09, 0.709464181510776, 0.8499981680693227, 0.709464181510776, 0.8499981680693227, 0.709464181510776, 0.8499981680693227, 0.8499981680693227, 0.8499981680693227, 0.709464181510776, 0.8499981680693227, 0.8499981680693227, 0.8499981680693227, 0.8499981680693227, 0.8499981680693227, 0.709464181510776, 0.709464181510776, 0.709464181510776, 0.8499981680693227, 0.709464181510776, 0.709464181510776, 0.8499981680693227]


