[9, 15]
[9, 15, 22, 16, 18, 26, 27, 12, 19, 20, 13, 29, 14, 11, 21, 10, 24, 23, 28, 25, 17]
[0, 0, 0, 0, 0, 0, 0, 0, 0, 1, 1, 1, 1, 1, 1, 1, 1, 1, 1, 1, 1, 1, 1, 1, 1, 1, 1, 1, 1, 1]
[0.0008121254129634064, 0.0008121254129634064, 0.0008121254129634064, 0.0008121254129634064, 0.0008121254129634064, 0.0008121254129634064, 0.0008121254129634064, 0.0008121254129634064, 0.0008121254129634064, 0.8499981680693227, 0.8499981680693227, 0.8499981680693227, 0.8499981680693227, 0.8499981680693227, 0.8499981680693227, 0.8499981680693227, 0.8499981680693227, 0.8499981680693227, 0.8499981680693227, 0.8499981680693227, 0.8499981680693227, 0.8499981680693227, 0.8499981680693227, 0.8499981680693227, 0.8499981680693227, 0.8499981680693227, 0.8499981680693227, 0.8499981680693227, 0.8499981680693227, 0.8499981680693227]


[20, 12]
[12, 20, 16, 10, 15, 24, 18, 26, 29, 19, 27, 9, 21, 22, 14, 13, 17, 11, 28, 23, 25]
[0, 0, 0, 0, 0, 0, 0, 0, 0, 2, 2, 2, 2, 2, 2, 2, 2, 2, 2, 2, 2, 2, 2, 2, 2, 2, 2, 2, 2, 2]
[0.0008121254129634064, 0.0008121254129634064, 0.0008121254129634064, 0.0008121254129634064, 0.0008121254129634064, 0.0008121254129634064, 0.0008121254129634064, 0.0008121254129634064, 0.0008121254129634064, 0.8499981680693227, 0.8499981680693227, 0.8499981680693227, 0.8499981680693227, 0.8499981680693227, 0.8499981680693227, 0.8499981680693227, 0.8499981680693227, 0.8499981680693227, 0.8499981680693227, 0.8499981680693227, 0.8499981680693227, 0.8499981680693227, 0.8499981680693227, 0.8499981680693227, 0.8499981680693227, 0.8499981680693227, 0.8499981680693227, 0.8499981680693227, 0.8499981680693227, 0.8499981680693227]


[13, 15]
[13, 15, 16, 27, 24, 19, 14, 10, 25, 9, 17, 20, 12, 11, 26, 28, 21, 22, 18, 29, 23]
[0, 0, 0, 0, 0, 0, 0, 0, 0, 3, 3, 3, 3, 3, 3, 3, 3, 3, 3, 3, 3, 3, 3, 3, 3, 3, 3, 3, 3, 3]
[0.0008121254129634064, 0.0008121254129634064, 0.0008121254129634064, 0.0008121254129634064, 0.0008121254129634064, 0.0008121254129634064, 0.0008121254129634064, 0.0008121254129634064, 0.0008121254129634064, 0.8499981680693227, 0.8499981680693227, 0.8499981680693227, 0.8499981680693227, 0.8499981680693227, 0.8499981680693227, 0.8499981680693227, 0.8499981680693227, 0.8499981680693227, 0.8499981680693227, 0.8499981680693227, 0.8499981680693227, 0.8499981680693227, 0.8499981680693227, 0.8499981680693227, 0.8499981680693227, 0.8499981680693227, 0.8499981680693227, 0.8499981680693227, 0.8499981680693227, 0.8499981680693227]


[16, 9]
[9, 16, 15, 17, 27, 14, 12, 28, 19, 11, 26, 24, 20, 10, 29, 13, 25, 21, 23, 22, 18]
[0, 0, 0, 0, 0, 0, 0, 0, 0, 4, 4, 4, 4, 4, 4, 4, 4, 4, 4, 4, 4, 4, 4, 4, 4, 4, 4, 4, 4, 4]
[0.0008121254129634064, 0.0008121254129634064, 0.0008121254129634064, 0.0008121254129634064, 0.0008121254129634064, 0.0008121254129634064, 0.0008121254129634064, 0.0008121254129634064, 0.0008121254129634064, 0.8499981680693227, 0.8499981680693227, 0.8499981680693227, 0.8499981680693227, 0.8499981680693227, 0.8499981680693227, 0.8499981680693227, 0.8499981680693227, 0.8499981680693227, 0.8499981680693227, 0.8499981680693227, 0.8499981680693227, 0.8499981680693227, 0.8499981680693227, 0.8499981680693227, 0.8499981680693227, 0.8499981680693227, 0.8499981680693227, 0.8499981680693227, 0.8499981680693227, 0.8499981680693227]


[16, 28]
[16, 28, 26, 11, 15, 9, 14, 12, 13, 27, 19, 17, 29, 20, 25, 21, 10, 24, 22, 18, 23]
[0, 0, 0, 0, 0, 0, 0, 0, 0, 5, 5, 5, 5, 5, 5, 5, 5, 5, 5, 5, 5, 5, 5, 5, 5, 5, 5, 5, 5, 5]
[0.0008121254129634064, 0.0008121254129634064, 0.0008121254129634064, 0.0008121254129634064, 0.0008121254129634064, 0.0008121254129634064, 0.0008121254129634064, 0.0008121254129634064, 0.0008121254129634064, 0.8499981680693227, 0.8499981680693227, 0.8499981680693227, 0.8499981680693227, 0.8499981680693227, 0.8499981680693227, 0.8499981680693227, 0.8499981680693227, 0.8499981680693227, 0.8499981680693227, 0.8499981680693227, 0.8499981680693227, 0.8499981680693227, 0.8499981680693227, 0.8499981680693227, 0.8499981680693227, 0.8499981680693227, 0.8499981680693227, 0.8499981680693227, 0.8499981680693227, 0.8499981680693227]


[21, 22]
[21, 22, 14, 29, 11, 20, 26, 19, 10, 27, 17, 15, 18, 13, 12, 28, 9, 16, 23, 25, 24]
[0, 0, 0, 0, 0, 0, 0, 0, 0, 6, 6, 6, 6, 6, 6, 6, 6, 6, 6, 6, 6, 6, 6, 6, 6, 6, 6, 6, 6, 6]
[0.0008121254129634064, 0.0008121254129634064, 0.0008121254129634064, 0.0008121254129634064, 0.0008121254129634064, 0.0008121254129634064, 0.0008121254129634064, 0.0008121254129634064, 0.0008121254129634064, 0.8499981680693227, 0.8499981680693227, 0.8499981680693227, 0.8499981680693227, 0.8499981680693227, 0.8499981680693227, 0.8499981680693227, 0.8499981680693227, 0.8499981680693227, 0.8499981680693227, 0.8499981680693227, 0.8499981680693227, 0.8499981680693227, 0.8499981680693227, 0.8499981680693227, 0.8499981680693227, 0.8499981680693227, 0.8499981680693227, 0.8499981680693227, 0.8499981680693227, 0.8499981680693227]


[26, 16]
[16, 26, 11, 15, 10, 19, 29, 17, 9, 12, 21, 27, 20, 13, 14, 18, 22, 23, 28, 25, 24]
[0, 0, 0, 0, 0, 0, 0, 0, 0, 7, 7, 7, 7, 7, 7, 7, 7, 7, 7, 7, 7, 7, 7, 7, 7, 7, 7, 7, 7, 7]
[0.0008121254129634064, 0.0008121254129634064, 0.0008121254129634064, 0.0008121254129634064, 0.0008121254129634064, 0.0008121254129634064, 0.0008121254129634064, 0.0008121254129634064, 0.0008121254129634064, 0.8499981680693227, 0.8499981680693227, 0.8499981680693227, 0.8499981680693227, 0.8499981680693227, 0.8499981680693227, 0.8499981680693227, 0.8499981680693227, 0.8499981680693227, 0.8499981680693227, 0.8499981680693227, 0.8499981680693227, 0.8499981680693227, 0.8499981680693227, 0.8499981680693227, 0.8499981680693227, 0.8499981680693227, 0.8499981680693227, 0.8499981680693227, 0.8499981680693227, 0.8499981680693227]


[21, 10]
[10, 21, 29, 11, 27, 14, 26, 16, 17, 22, 9, 12, 15, 18, 19, 20, 23, 13, 25, 28, 24]
[0, 0, 0, 0, 0, 0, 0, 0, 0, 8, 8, 8, 8, 8, 8, 8, 8, 8, 8, 8, 8, 8, 8, 8, 8, 8, 8, 8, 8, 8]
[0.0008121254129634064, 0.0008121254129634064, 0.0008121254129634064, 0.0008121254129634064, 0.0008121254129634064, 0.0008121254129634064, 0.0008121254129634064, 0.0008121254129634064, 0.0008121254129634064, 0.8499981680693227, 0.8499981680693227, 0.8499981680693227, 0.8499981680693227, 0.8499981680693227, 0.8499981680693227, 0.8499981680693227, 0.8499981680693227, 0.8499981680693227, 0.8499981680693227, 0.8499981680693227, 0.8499981680693227, 0.8499981680693227, 0.8499981680693227, 0.8499981680693227, 0.8499981680693227, 0.8499981680693227, 0.8499981680693227, 0.8499981680693227, 0.8499981680693227, 0.8499981680693227]


[15, 29]
[15, 29, 11, 19, 14, 16, 26, 10, 21, 18, 22, 9, 27, 20, 17, 12, 13, 23, 28, 25, 24]
[0, 0, 0, 0, 0, 0, 0, 0, 0, 9, 9, 9, 9, 9, 9, 9, 9, 9, 9, 9, 9, 9, 9, 9, 9, 9, 9, 9, 9, 9]
[0.0008121254129634064, 0.0008121254129634064, 0.0008121254129634064, 0.0008121254129634064, 0.0008121254129634064, 0.0008121254129634064, 0.0008121254129634064, 0.0008121254129634064, 0.0008121254129634064, 0.8499981680693227, 0.8499981680693227, 0.8499981680693227, 0.8499981680693227, 0.8499981680693227, 0.8499981680693227, 0.8499981680693227, 0.8499981680693227, 0.8499981680693227, 0.8499981680693227, 0.8499981680693227, 0.8499981680693227, 0.8499981680693227, 0.8499981680693227, 0.8499981680693227, 0.8499981680693227, 0.8499981680693227, 0.8499981680693227, 0.8499981680693227, 0.8499981680693227, 0.8499981680693227]


[24, 29]
[24, 29, 19, 18, 13, 16, 22, 14, 15, 26, 10, 11, 20, 17, 21, 12, 27, 9, 23, 28, 25]
[0, 0, 0, 0, 0, 0, 0, 0, 0, 10, 10, 10, 10, 10, 10, 10, 10, 10, 10, 10, 10, 10, 10, 10, 10, 10, 10, 10, 10, 10]
[0.0008121254129634064, 0.0008121254129634064, 0.0008121254129634064, 0.0008121254129634064, 0.0008121254129634064, 0.0008121254129634064, 0.0008121254129634064, 0.0008121254129634064, 0.0008121254129634064, 0.8499981680693227, 0.8499981680693227, 0.8499981680693227, 0.8499981680693227, 0.8499981680693227, 0.8499981680693227, 0.8499981680693227, 0.8499981680693227, 0.8499981680693227, 0.8499981680693227, 0.8499981680693227, 0.8499981680693227, 0.8499981680693227, 0.8499981680693227, 0.8499981680693227, 0.8499981680693227, 0.8499981680693227, 0.8499981680693227, 0.8499981680693227, 0.8499981680693227, 0.8499981680693227]


[25, 11]
[11, 25, 29, 22, 26, 20, 16, 13, 21, 10, 18, 19, 14, 15, 9, 27, 17, 23, 12, 24, 28]
[0, 0, 0, 0, 0, 0, 0, 0, 0, 11, 11, 11, 11, 11, 11, 11, 11, 11, 11, 11, 11, 11, 11, 11, 11, 11, 11, 11, 11, 11]
[0.0008121254129634064, 0.0008121254129634064, 0.0008121254129634064, 0.0008121254129634064, 0.0008121254129634064, 0.0008121254129634064, 0.0008121254129634064, 0.0008121254129634064, 0.0008121254129634064, 0.8499981680693227, 0.8499981680693227, 0.8499981680693227, 0.8499981680693227, 0.8499981680693227, 0.8499981680693227, 0.8499981680693227, 0.8499981680693227, 0.8499981680693227, 0.8499981680693227, 0.8499981680693227, 0.8499981680693227, 0.8499981680693227, 0.8499981680693227, 0.8499981680693227, 0.8499981680693227, 0.8499981680693227, 0.8499981680693227, 0.8499981680693227, 0.8499981680693227, 0.8499981680693227]


[15, 10]
[10, 15, 16, 29, 14, 21, 18, 22, 11, 26, 19, 13, 9, 27, 17, 20, 24, 23, 28, 25, 12]
[0, 0, 0, 0, 0, 0, 0, 0, 0, 12, 12, 12, 12, 12, 12, 12, 12, 12, 12, 12, 12, 12, 12, 12, 12, 12, 12, 12, 12, 12]
[0.0008121254129634064, 0.0008121254129634064, 0.0008121254129634064, 0.0008121254129634064, 0.0008121254129634064, 0.0008121254129634064, 0.0008121254129634064, 0.0008121254129634064, 0.0008121254129634064, 0.8499981680693227, 0.8499981680693227, 0.8499981680693227, 0.8499981680693227, 0.8499981680693227, 0.8499981680693227, 0.8499981680693227, 0.8499981680693227, 0.8499981680693227, 0.8499981680693227, 0.8499981680693227, 0.8499981680693227, 0.8499981680693227, 0.8499981680693227, 0.8499981680693227, 0.8499981680693227, 0.8499981680693227, 0.8499981680693227, 0.8499981680693227, 0.8499981680693227, 0.8499981680693227]


[12, 18]
[12, 18, 10, 13, 26, 23, 22, 21, 11, 14, 29, 24, 27, 16, 19, 15, 17, 25, 20, 9, 28]
[0, 0, 0, 0, 0, 0, 0, 0, 0, 13, 13, 13, 13, 13, 13, 13, 13, 13, 13, 13, 13, 13, 13, 13, 13, 13, 13, 13, 13, 13]
[0.0008121254129634064, 0.0008121254129634064, 0.0008121254129634064, 0.0008121254129634064, 0.0008121254129634064, 0.0008121254129634064, 0.0008121254129634064, 0.0008121254129634064, 0.0008121254129634064, 0.8499981680693227, 0.8499981680693227, 0.8499981680693227, 0.8499981680693227, 0.8499981680693227, 0.8499981680693227, 0.8499981680693227, 0.8499981680693227, 0.8499981680693227, 0.8499981680693227, 0.8499981680693227, 0.8499981680693227, 0.8499981680693227, 0.8499981680693227, 0.8499981680693227, 0.8499981680693227, 0.8499981680693227, 0.8499981680693227, 0.8499981680693227, 0.8499981680693227, 0.8499981680693227]


[18, 21]
[18, 21, 22, 26, 15, 14, 29, 11, 13, 10, 19, 16, 9, 27, 25, 23, 24, 20, 17, 28, 12]
[0, 0, 0, 0, 0, 0, 0, 0, 0, 14, 14, 14, 14, 14, 14, 14, 14, 14, 14, 14, 14, 14, 14, 14, 14, 14, 14, 14, 14, 14]
[0.0008121254129634064, 0.0008121254129634064, 0.0008121254129634064, 0.0008121254129634064, 0.0008121254129634064, 0.0008121254129634064, 0.0008121254129634064, 0.0008121254129634064, 0.0008121254129634064, 0.8499981680693227, 0.8499981680693227, 0.8499981680693227, 0.8499981680693227, 0.8499981680693227, 0.8499981680693227, 0.8499981680693227, 0.8499981680693227, 0.8499981680693227, 0.8499981680693227, 0.8499981680693227, 0.8499981680693227, 0.8499981680693227, 0.8499981680693227, 0.8499981680693227, 0.8499981680693227, 0.8499981680693227, 0.8499981680693227, 0.8499981680693227, 0.8499981680693227, 0.8499981680693227]


[19, 29]
[19, 29, 14, 15, 16, 21, 9, 26, 11, 27, 23, 13, 22, 24, 17, 25, 18, 20, 28, 10, 12]
[0, 0, 0, 0, 0, 0, 0, 0, 0, 15, 15, 15, 15, 15, 15, 15, 15, 15, 15, 15, 15, 15, 15, 15, 15, 15, 15, 15, 15, 15]
[0.0008121254129634064, 0.0008121254129634064, 0.0008121254129634064, 0.0008121254129634064, 0.0008121254129634064, 0.0008121254129634064, 0.0008121254129634064, 0.0008121254129634064, 0.0008121254129634064, 0.8499981680693227, 0.8499981680693227, 0.8499981680693227, 0.8499981680693227, 0.8499981680693227, 0.8499981680693227, 0.8499981680693227, 0.8499981680693227, 0.8499981680693227, 0.8499981680693227, 0.8499981680693227, 0.8499981680693227, 0.8499981680693227, 0.8499981680693227, 0.8499981680693227, 0.8499981680693227, 0.8499981680693227, 0.8499981680693227, 0.8499981680693227, 0.8499981680693227, 0.8499981680693227]


[25, 29]
[25, 29, 21, 15, 14, 16, 9, 22, 17, 20, 11, 27, 13, 19, 26, 28, 23, 18, 24, 10, 12]
[0, 0, 0, 0, 0, 0, 0, 0, 0, 16, 16, 16, 16, 16, 16, 16, 16, 16, 16, 16, 16, 16, 16, 16, 16, 16, 16, 16, 16, 16]
[0.0008121254129634064, 0.0008121254129634064, 0.0008121254129634064, 0.0008121254129634064, 0.0008121254129634064, 0.0008121254129634064, 0.0008121254129634064, 0.0008121254129634064, 0.0008121254129634064, 0.8499981680693227, 0.8499981680693227, 0.8499981680693227, 0.8499981680693227, 0.8499981680693227, 0.8499981680693227, 0.8499981680693227, 0.8499981680693227, 0.8499981680693227, 0.8499981680693227, 0.8499981680693227, 0.8499981680693227, 0.8499981680693227, 0.8499981680693227, 0.8499981680693227, 0.8499981680693227, 0.8499981680693227, 0.8499981680693227, 0.8499981680693227, 0.8499981680693227, 0.8499981680693227]


[25, 24]
[24, 25, 29, 16, 21, 17, 22, 14, 11, 9, 19, 13, 27, 23, 15, 20, 28, 18, 26, 10, 12]
[0, 0, 0, 0, 0, 0, 0, 0, 0, 17, 17, 17, 17, 17, 17, 17, 17, 17, 17, 17, 17, 17, 17, 17, 17, 17, 17, 17, 17, 17]
[0.0008121254129634064, 0.0008121254129634064, 0.0008121254129634064, 0.0008121254129634064, 0.0008121254129634064, 0.0008121254129634064, 0.0008121254129634064, 0.0008121254129634064, 0.0008121254129634064, 0.8499981680693227, 0.8499981680693227, 0.8499981680693227, 0.8499981680693227, 0.8499981680693227, 0.8499981680693227, 0.8499981680693227, 0.8499981680693227, 0.8499981680693227, 0.8499981680693227, 0.8499981680693227, 0.8499981680693227, 0.8499981680693227, 0.8499981680693227, 0.8499981680693227, 0.8499981680693227, 0.8499981680693227, 0.8499981680693227, 0.8499981680693227, 0.8499981680693227, 0.8499981680693227]


[27, 22]
[22, 27, 29, 13, 16, 25, 19, 21, 14, 15, 11, 17, 23, 9, 28, 18, 10, 24, 26, 20, 12]
[0, 0, 0, 0, 0, 0, 0, 0, 0, 18, 18, 18, 18, 18, 18, 18, 18, 18, 18, 18, 18, 18, 18, 18, 18, 18, 18, 18, 18, 18]
[0.0008121254129634064, 0.0008121254129634064, 0.0008121254129634064, 0.0008121254129634064, 0.0008121254129634064, 0.0008121254129634064, 0.0008121254129634064, 0.0008121254129634064, 0.0008121254129634064, 0.8499981680693227, 0.8499981680693227, 0.8499981680693227, 0.8499981680693227, 0.8499981680693227, 0.8499981680693227, 0.8499981680693227, 0.8499981680693227, 0.8499981680693227, 0.8499981680693227, 0.8499981680693227, 0.8499981680693227, 0.8499981680693227, 0.8499981680693227, 0.8499981680693227, 0.8499981680693227, 0.8499981680693227, 0.8499981680693227, 0.8499981680693227, 0.8499981680693227, 0.8499981680693227]


[20, 14]
[14, 20, 16, 13, 25, 29, 22, 21, 15, 9, 17, 27, 18, 11, 23, 19, 28, 24, 12, 10, 26]
[0, 0, 0, 0, 0, 0, 0, 0, 0, 19, 19, 19, 19, 19, 19, 19, 19, 19, 19, 19, 19, 19, 19, 19, 19, 19, 19, 19, 19, 19]
[0.0008121254129634064, 0.0008121254129634064, 0.0008121254129634064, 0.0008121254129634064, 0.0008121254129634064, 0.0008121254129634064, 0.0008121254129634064, 0.0008121254129634064, 0.0008121254129634064, 0.8499981680693227, 0.8499981680693227, 0.8499981680693227, 0.8499981680693227, 0.8499981680693227, 0.8499981680693227, 0.8499981680693227, 0.8499981680693227, 0.8499981680693227, 0.8499981680693227, 0.8499981680693227, 0.8499981680693227, 0.8499981680693227, 0.8499981680693227, 0.8499981680693227, 0.8499981680693227, 0.8499981680693227, 0.8499981680693227, 0.8499981680693227, 0.8499981680693227, 0.8499981680693227]


[26, 24]
[24, 26, 17, 29, 13, 15, 23, 16, 21, 10, 25, 22, 14, 18, 19, 27, 28, 11, 12, 9, 20]
[0, 0, 0, 0, 0, 0, 0, 0, 0, 20, 20, 20, 20, 20, 20, 20, 20, 20, 20, 20, 20, 20, 20, 20, 20, 20, 20, 20, 20, 20]
[0.0008121254129634064, 0.0008121254129634064, 0.0008121254129634064, 0.0008121254129634064, 0.0008121254129634064, 0.0008121254129634064, 0.0008121254129634064, 0.0008121254129634064, 0.0008121254129634064, 0.8499981680693227, 0.8499981680693227, 0.8499981680693227, 0.8499981680693227, 0.8499981680693227, 0.8499981680693227, 0.8499981680693227, 0.8499981680693227, 0.8499981680693227, 0.8499981680693227, 0.8499981680693227, 0.8499981680693227, 0.8499981680693227, 0.8499981680693227, 0.8499981680693227, 0.8499981680693227, 0.8499981680693227, 0.8499981680693227, 0.8499981680693227, 0.8499981680693227, 0.8499981680693227]


