[0, 8]
[0, 1, 2, 3, 4, 5, 6, 7, 8, 29, 15, 26, 12, 16, 13, 11, 28, 14, 21, 27, 20]
[1, 1, 1, 1, 1, 1, 1, 1, 1, 0, 0, 1, 1, 1, 1, 1, 1, 0, 0, 0, 1, 1, 0, 0, 0, 0, 1, 1, 1, 1]
[0.8499981680693227, 0.8499981680693227, 0.8499981680693227, 0.8499981680693227, 0.8499981680693227, 0.8499981680693227, 0.8499981680693227, 0.8499981680693227, 0.8499981680693227, 0.0008121254129634064, 0.0008121254129634064, 0.8499981680693227, 0.8499981680693227, 0.8499981680693227, 0.8499981680693227, 0.8499981680693227, 0.8499981680693227, 0.0008121254129634064, 0.0008121254129634064, 0.0008121254129634064, 0.8499981680693227, 0.8499981680693227, 0.0008121254129634064, 0.0008121254129634064, 0.0008121254129634064, 0.0008121254129634064, 0.8499981680693227, 0.8499981680693227, 0.8499981680693227, 0.8499981680693227]


[1, 3]
[0, 1, 2, 3, 4, 5, 6, 7, 8, 29, 12, 21, 11, 26, 15, 16, 20, 14, 19, 17, 13]
[2, 2, 2, 2, 2, 2, 2, 2, 2, 0, 0, 2, 2, 2, 2, 2, 2, 1, 0, 1, 2, 2, 0, 0, 0, 0, 2, 1, 1, 2]
[0.8499981680693227, 0.8499981680693227, 0.8499981680693227, 0.8499981680693227, 0.8499981680693227, 0.8499981680693227, 0.8499981680693227, 0.8499981680693227, 0.8499981680693227, 1.675516094683377e-12, 1.675516094683377e-12, 0.8499981680693227, 0.8499981680693227, 0.8499981680693227, 0.8499981680693227, 0.8499981680693227, 0.8499981680693227, 0.0054260598248711215, 1.675516094683377e-12, 0.0054260598248711215, 0.8499981680693227, 0.8499981680693227, 1.675516094683377e-12, 1.675516094683377e-12, 1.675516094683377e-12, 1.675516094683377e-12, 0.8499981680693227, 0.0054260598248711215, 0.0054260598248711215, 0.8499981680693227]


[15, 12]
[12, 15, 16, 29, 26, 10, 18, 13, 21, 27, 9, 20, 19, 22, 11, 28, 25, 24, 17, 14, 23]
[2, 2, 2, 2, 2, 2, 2, 2, 2, 1, 1, 3, 3, 3, 3, 3, 3, 2, 1, 2, 3, 3, 1, 1, 1, 1, 3, 2, 2, 3]
[0.8256540304886036, 0.8256540304886036, 0.8256540304886036, 0.8256540304886036, 0.8256540304886036, 0.8256540304886036, 0.8256540304886036, 0.8256540304886036, 0.8256540304886036, 8.844488671879211e-09, 8.844488671879211e-09, 0.8499981680693227, 0.8499981680693227, 0.8499981680693227, 0.8499981680693227, 0.8499981680693227, 0.8499981680693227, 0.8256540304886036, 8.844488671879211e-09, 0.8256540304886036, 0.8499981680693227, 0.8499981680693227, 8.844488671879211e-09, 8.844488671879211e-09, 8.844488671879211e-09, 8.844488671879211e-09, 0.8499981680693227, 0.8256540304886036, 0.8256540304886036, 0.8499981680693227]


[27, 6]
[0, 1, 2, 3, 4, 5, 6, 7, 8, 27, 16, 17, 11, 15, 9, 26, 22, 21, 18, 19, 12]
[3, 3, 3, 3, 3, 3, 3, 3, 3, 2, 1, 4, 4, 3, 3, 4, 4, 3, 2, 3, 3, 4, 2, 1, 1, 1, 4, 3, 2, 3]
[0.8494449794630802, 0.8494449794630802, 0.8494449794630802, 0.8494449794630802, 0.8494449794630802, 0.8494449794630802, 0.8494449794630802, 0.8494449794630802, 0.8494449794630802, 1.0345254222456547e-06, 1.822985005434742e-17, 0.8499981680693227, 0.8499981680693227, 0.8494449794630802, 0.8494449794630802, 0.8499981680693227, 0.8499981680693227, 0.8494449794630802, 1.0345254222456547e-06, 0.8494449794630802, 0.8494449794630802, 0.8499981680693227, 1.0345254222456547e-06, 1.822985005434742e-17, 1.822985005434742e-17, 1.822985005434742e-17, 0.8499981680693227, 0.8494449794630802, 1.0345254222456547e-06, 0.8494449794630802]


[12, 29]
[12, 29, 14, 19, 10, 11, 28, 20, 15, 25, 9, 16, 17, 26, 13, 18, 27, 21, 22, 23, 24]
[3, 3, 3, 3, 3, 3, 3, 3, 3, 3, 2, 5, 5, 4, 4, 5, 5, 4, 3, 4, 4, 5, 3, 2, 2, 2, 5, 4, 3, 4]
[0.0054260598248711215, 0.0054260598248711215, 0.0054260598248711215, 0.0054260598248711215, 0.0054260598248711215, 0.0054260598248711215, 0.0054260598248711215, 0.0054260598248711215, 0.0054260598248711215, 0.0054260598248711215, 9.622927794289359e-14, 0.8499981680693227, 0.8499981680693227, 0.8494449794630802, 0.8494449794630802, 0.8499981680693227, 0.8499981680693227, 0.8494449794630802, 0.0054260598248711215, 0.8494449794630802, 0.8494449794630802, 0.8499981680693227, 0.0054260598248711215, 9.622927794289359e-14, 9.622927794289359e-14, 9.622927794289359e-14, 0.8499981680693227, 0.8494449794630802, 0.0054260598248711215, 0.8494449794630802]


[21, 16]
[16, 21, 14, 19, 27, 25, 17, 28, 11, 24, 26, 15, 20, 9, 12, 10, 29, 13, 23, 22, 18]
[3, 3, 3, 3, 3, 3, 3, 3, 3, 4, 3, 6, 6, 5, 5, 6, 6, 5, 4, 5, 5, 6, 4, 3, 3, 3, 6, 5, 4, 5]
[5.079621554907244e-10, 5.079621554907244e-10, 5.079621554907244e-10, 5.079621554907244e-10, 5.079621554907244e-10, 5.079621554907244e-10, 5.079621554907244e-10, 5.079621554907244e-10, 5.079621554907244e-10, 0.0054260598248711215, 5.079621554907244e-10, 0.8499981680693227, 0.8499981680693227, 0.8494449794630802, 0.8494449794630802, 0.8499981680693227, 0.8499981680693227, 0.8494449794630802, 0.0054260598248711215, 0.8494449794630802, 0.8494449794630802, 0.8499981680693227, 0.0054260598248711215, 5.079621554907244e-10, 5.079621554907244e-10, 5.079621554907244e-10, 0.8499981680693227, 0.8494449794630802, 0.0054260598248711215, 0.8494449794630802]


[27, 16]
[16, 27, 11, 21, 19, 15, 10, 17, 20, 14, 12, 26, 9, 24, 28, 13, 22, 29, 25, 23, 18]
[3, 3, 3, 3, 3, 3, 3, 3, 3, 5, 4, 7, 7, 6, 6, 7, 7, 6, 5, 6, 6, 7, 5, 4, 4, 4, 7, 6, 5, 6]
[1.0469880374770922e-18, 1.0469880374770922e-18, 1.0469880374770922e-18, 1.0469880374770922e-18, 1.0469880374770922e-18, 1.0469880374770922e-18, 1.0469880374770922e-18, 1.0469880374770922e-18, 1.0469880374770922e-18, 0.0054260598248711215, 5.079621554907244e-10, 0.8499981680693227, 0.8499981680693227, 0.8494449794630802, 0.8494449794630802, 0.8499981680693227, 0.8499981680693227, 0.8494449794630802, 0.0054260598248711215, 0.8494449794630802, 0.8494449794630802, 0.8499981680693227, 0.0054260598248711215, 5.079621554907244e-10, 5.079621554907244e-10, 5.079621554907244e-10, 0.8499981680693227, 0.8494449794630802, 0.0054260598248711215, 0.8494449794630802]


[17, 29]
[17, 29, 9, 11, 15, 10, 21, 22, 26, 19, 18, 28, 27, 13, 20, 24, 16, 14, 12, 25, 23]
[3, 3, 3, 3, 3, 3, 3, 3, 3, 6, 5, 8, 8, 7, 7, 8, 8, 7, 6, 7, 7, 8, 6, 5, 5, 5, 8, 7, 6, 7]
[1.0469880374770922e-18, 1.0469880374770922e-18, 1.0469880374770922e-18, 1.0469880374770922e-18, 1.0469880374770922e-18, 1.0469880374770922e-18, 1.0469880374770922e-18, 1.0469880374770922e-18, 1.0469880374770922e-18, 0.0054260598248711215, 5.079621554907244e-10, 0.8499981680693227, 0.8499981680693227, 0.8494449794630802, 0.8494449794630802, 0.8499981680693227, 0.8499981680693227, 0.8494449794630802, 0.0054260598248711215, 0.8494449794630802, 0.8494449794630802, 0.8499981680693227, 0.0054260598248711215, 5.079621554907244e-10, 5.079621554907244e-10, 5.079621554907244e-10, 0.8499981680693227, 0.8494449794630802, 0.0054260598248711215, 0.8494449794630802]


[15, 14]
[14, 15, 29, 10, 11, 19, 13, 27, 21, 18, 17, 9, 16, 24, 28, 22, 20, 23, 12, 26, 25]
[3, 3, 3, 3, 3, 3, 3, 3, 3, 7, 6, 9, 9, 8, 8, 9, 9, 8, 7, 8, 8, 9, 7, 6, 6, 6, 9, 8, 7, 8]
[1.0469880374770922e-18, 1.0469880374770922e-18, 1.0469880374770922e-18, 1.0469880374770922e-18, 1.0469880374770922e-18, 1.0469880374770922e-18, 1.0469880374770922e-18, 1.0469880374770922e-18, 1.0469880374770922e-18, 0.0054260598248711215, 5.079621554907244e-10, 0.8499981680693227, 0.8499981680693227, 0.8494449794630802, 0.8494449794630802, 0.8499981680693227, 0.8499981680693227, 0.8494449794630802, 0.0054260598248711215, 0.8494449794630802, 0.8494449794630802, 0.8499981680693227, 0.0054260598248711215, 5.079621554907244e-10, 5.079621554907244e-10, 5.079621554907244e-10, 0.8499981680693227, 0.8494449794630802, 0.0054260598248711215, 0.8494449794630802]


[27, 15]
[15, 27, 19, 10, 29, 14, 9, 11, 13, 18, 21, 16, 17, 26, 20, 22, 24, 28, 23, 12, 25]
[3, 3, 3, 3, 3, 3, 3, 3, 3, 8, 7, 10, 10, 9, 9, 10, 10, 9, 8, 9, 9, 10, 8, 7, 7, 7, 10, 9, 8, 9]
[1.0469880374770922e-18, 1.0469880374770922e-18, 1.0469880374770922e-18, 1.0469880374770922e-18, 1.0469880374770922e-18, 1.0469880374770922e-18, 1.0469880374770922e-18, 1.0469880374770922e-18, 1.0469880374770922e-18, 0.0054260598248711215, 5.079621554907244e-10, 0.8499981680693227, 0.8499981680693227, 0.8494449794630802, 0.8494449794630802, 0.8499981680693227, 0.8499981680693227, 0.8494449794630802, 0.0054260598248711215, 0.8494449794630802, 0.8494449794630802, 0.8499981680693227, 0.0054260598248711215, 5.079621554907244e-10, 5.079621554907244e-10, 5.079621554907244e-10, 0.8499981680693227, 0.8494449794630802, 0.0054260598248711215, 0.8494449794630802]


[21, 14]
[14, 21, 10, 18, 19, 11, 29, 27, 22, 13, 9, 26, 16, 15, 20, 17, 24, 23, 28, 25, 12]
[3, 3, 3, 3, 3, 3, 3, 3, 3, 9, 8, 11, 11, 10, 10, 11, 11, 10, 9, 10, 10, 11, 9, 8, 8, 8, 11, 10, 9, 10]
[1.0469880374770922e-18, 1.0469880374770922e-18, 1.0469880374770922e-18, 1.0469880374770922e-18, 1.0469880374770922e-18, 1.0469880374770922e-18, 1.0469880374770922e-18, 1.0469880374770922e-18, 1.0469880374770922e-18, 0.0054260598248711215, 5.079621554907244e-10, 0.8499981680693227, 0.8499981680693227, 0.8494449794630802, 0.8494449794630802, 0.8499981680693227, 0.8499981680693227, 0.8494449794630802, 0.0054260598248711215, 0.8494449794630802, 0.8494449794630802, 0.8499981680693227, 0.0054260598248711215, 5.079621554907244e-10, 5.079621554907244e-10, 5.079621554907244e-10, 0.8499981680693227, 0.8494449794630802, 0.0054260598248711215, 0.8494449794630802]


[11, 12]
[11, 12, 13, 14, 18, 22, 19, 26, 29, 16, 10, 27, 15, 21, 9, 20, 17, 24, 25, 23, 28]
[3, 3, 3, 3, 3, 3, 3, 3, 3, 10, 9, 12, 12, 11, 11, 12, 12, 11, 10, 11, 11, 12, 10, 9, 9, 9, 12, 11, 10, 11]
[1.0469880374770922e-18, 1.0469880374770922e-18, 1.0469880374770922e-18, 1.0469880374770922e-18, 1.0469880374770922e-18, 1.0469880374770922e-18, 1.0469880374770922e-18, 1.0469880374770922e-18, 1.0469880374770922e-18, 0.0054260598248711215, 5.079621554907244e-10, 0.8499981680693227, 0.8499981680693227, 0.8494449794630802, 0.8494449794630802, 0.8499981680693227, 0.8499981680693227, 0.8494449794630802, 0.0054260598248711215, 0.8494449794630802, 0.8494449794630802, 0.8499981680693227, 0.0054260598248711215, 5.079621554907244e-10, 5.079621554907244e-10, 5.079621554907244e-10, 0.8499981680693227, 0.8494449794630802, 0.0054260598248711215, 0.8494449794630802]


[20, 19]
[19, 20, 13, 21, 18, 11, 29, 17, 14, 27, 16, 10, 22, 9, 15, 26, 23, 28, 24, 12, 25]
[3, 3, 3, 3, 3, 3, 3, 3, 3, 11, 10, 13, 13, 12, 12, 13, 13, 12, 11, 12, 12, 13, 11, 10, 10, 10, 13, 12, 11, 12]
[1.0469880374770922e-18, 1.0469880374770922e-18, 1.0469880374770922e-18, 1.0469880374770922e-18, 1.0469880374770922e-18, 1.0469880374770922e-18, 1.0469880374770922e-18, 1.0469880374770922e-18, 1.0469880374770922e-18, 0.0054260598248711215, 5.079621554907244e-10, 0.8499981680693227, 0.8499981680693227, 0.8494449794630802, 0.8494449794630802, 0.8499981680693227, 0.8499981680693227, 0.8494449794630802, 0.0054260598248711215, 0.8494449794630802, 0.8494449794630802, 0.8499981680693227, 0.0054260598248711215, 5.079621554907244e-10, 5.079621554907244e-10, 5.079621554907244e-10, 0.8499981680693227, 0.8494449794630802, 0.0054260598248711215, 0.8494449794630802]


[14, 26]
[14, 26, 13, 21, 11, 10, 27, 18, 17, 29, 15, 16, 22, 19, 9, 28, 25, 20, 23, 24, 12]
[3, 3, 3, 3, 3, 3, 3, 3, 3, 12, 11, 14, 14, 13, 13, 14, 14, 13, 12, 13, 13, 14, 12, 11, 11, 11, 14, 13, 12, 13]
[1.0469880374770922e-18, 1.0469880374770922e-18, 1.0469880374770922e-18, 1.0469880374770922e-18, 1.0469880374770922e-18, 1.0469880374770922e-18, 1.0469880374770922e-18, 1.0469880374770922e-18, 1.0469880374770922e-18, 0.0054260598248711215, 5.079621554907244e-10, 0.8499981680693227, 0.8499981680693227, 0.8494449794630802, 0.8494449794630802, 0.8499981680693227, 0.8499981680693227, 0.8494449794630802, 0.0054260598248711215, 0.8494449794630802, 0.8494449794630802, 0.8499981680693227, 0.0054260598248711215, 5.079621554907244e-10, 5.079621554907244e-10, 5.079621554907244e-10, 0.8499981680693227, 0.8494449794630802, 0.0054260598248711215, 0.8494449794630802]


[15, 13]
[13, 15, 14, 29, 11, 18, 27, 26, 16, 21, 17, 22, 9, 10, 19, 28, 24, 23, 25, 20, 12]
[3, 3, 3, 3, 3, 3, 3, 3, 3, 13, 12, 15, 15, 14, 14, 15, 15, 14, 13, 14, 14, 15, 13, 12, 12, 12, 15, 14, 13, 14]
[1.0469880374770922e-18, 1.0469880374770922e-18, 1.0469880374770922e-18, 1.0469880374770922e-18, 1.0469880374770922e-18, 1.0469880374770922e-18, 1.0469880374770922e-18, 1.0469880374770922e-18, 1.0469880374770922e-18, 0.0054260598248711215, 5.079621554907244e-10, 0.8499981680693227, 0.8499981680693227, 0.8494449794630802, 0.8494449794630802, 0.8499981680693227, 0.8499981680693227, 0.8494449794630802, 0.0054260598248711215, 0.8494449794630802, 0.8494449794630802, 0.8499981680693227, 0.0054260598248711215, 5.079621554907244e-10, 5.079621554907244e-10, 5.079621554907244e-10, 0.8499981680693227, 0.8494449794630802, 0.0054260598248711215, 0.8494449794630802]


[29, 21]
[21, 29, 18, 15, 27, 17, 26, 14, 11, 9, 13, 28, 22, 16, 19, 10, 20, 23, 25, 24, 12]
[3, 3, 3, 3, 3, 3, 3, 3, 3, 14, 13, 16, 16, 15, 15, 16, 16, 15, 14, 15, 15, 16, 14, 13, 13, 13, 16, 15, 14, 15]
[1.0469880374770922e-18, 1.0469880374770922e-18, 1.0469880374770922e-18, 1.0469880374770922e-18, 1.0469880374770922e-18, 1.0469880374770922e-18, 1.0469880374770922e-18, 1.0469880374770922e-18, 1.0469880374770922e-18, 0.0054260598248711215, 5.079621554907244e-10, 0.8499981680693227, 0.8499981680693227, 0.8494449794630802, 0.8494449794630802, 0.8499981680693227, 0.8499981680693227, 0.8494449794630802, 0.0054260598248711215, 0.8494449794630802, 0.8494449794630802, 0.8499981680693227, 0.0054260598248711215, 5.079621554907244e-10, 5.079621554907244e-10, 5.079621554907244e-10, 0.8499981680693227, 0.8494449794630802, 0.0054260598248711215, 0.8494449794630802]


[15, 21]
[15, 21, 29, 18, 27, 26, 14, 13, 9, 11, 17, 22, 16, 28, 23, 19, 20, 24, 10, 25, 12]
[3, 3, 3, 3, 3, 3, 3, 3, 3, 15, 14, 17, 17, 16, 16, 17, 17, 16, 15, 16, 16, 17, 15, 14, 14, 14, 17, 16, 15, 16]
[1.0469880374770922e-18, 1.0469880374770922e-18, 1.0469880374770922e-18, 1.0469880374770922e-18, 1.0469880374770922e-18, 1.0469880374770922e-18, 1.0469880374770922e-18, 1.0469880374770922e-18, 1.0469880374770922e-18, 0.0054260598248711215, 5.079621554907244e-10, 0.8499981680693227, 0.8499981680693227, 0.8494449794630802, 0.8494449794630802, 0.8499981680693227, 0.8499981680693227, 0.8494449794630802, 0.0054260598248711215, 0.8494449794630802, 0.8494449794630802, 0.8499981680693227, 0.0054260598248711215, 5.079621554907244e-10, 5.079621554907244e-10, 5.079621554907244e-10, 0.8499981680693227, 0.8494449794630802, 0.0054260598248711215, 0.8494449794630802]


[11, 29]
[11, 29, 14, 27, 17, 16, 15, 21, 19, 26, 22, 13, 9, 23, 18, 24, 28, 12, 20, 25, 10]
[3, 3, 3, 3, 3, 3, 3, 3, 3, 16, 15, 18, 18, 17, 17, 18, 18, 17, 16, 17, 17, 18, 16, 15, 15, 15, 18, 17, 16, 17]
[1.0469880374770922e-18, 1.0469880374770922e-18, 1.0469880374770922e-18, 1.0469880374770922e-18, 1.0469880374770922e-18, 1.0469880374770922e-18, 1.0469880374770922e-18, 1.0469880374770922e-18, 1.0469880374770922e-18, 0.0054260598248711215, 5.079621554907244e-10, 0.8499981680693227, 0.8499981680693227, 0.8494449794630802, 0.8494449794630802, 0.8499981680693227, 0.8499981680693227, 0.8494449794630802, 0.0054260598248711215, 0.8494449794630802, 0.8494449794630802, 0.8499981680693227, 0.0054260598248711215, 5.079621554907244e-10, 5.079621554907244e-10, 5.079621554907244e-10, 0.8499981680693227, 0.8494449794630802, 0.0054260598248711215, 0.8494449794630802]


[12, 27]
[12, 27, 13, 16, 11, 29, 17, 26, 15, 18, 23, 24, 14, 9, 22, 21, 28, 25, 10, 20, 19]
[3, 3, 3, 3, 3, 3, 3, 3, 3, 17, 16, 19, 19, 18, 18, 19, 19, 18, 17, 18, 18, 19, 17, 16, 16, 16, 19, 18, 17, 18]
[1.0469880374770922e-18, 1.0469880374770922e-18, 1.0469880374770922e-18, 1.0469880374770922e-18, 1.0469880374770922e-18, 1.0469880374770922e-18, 1.0469880374770922e-18, 1.0469880374770922e-18, 1.0469880374770922e-18, 0.0054260598248711215, 5.079621554907244e-10, 0.8499981680693227, 0.8499981680693227, 0.8494449794630802, 0.8494449794630802, 0.8499981680693227, 0.8499981680693227, 0.8494449794630802, 0.0054260598248711215, 0.8494449794630802, 0.8494449794630802, 0.8499981680693227, 0.0054260598248711215, 5.079621554907244e-10, 5.079621554907244e-10, 5.079621554907244e-10, 0.8499981680693227, 0.8494449794630802, 0.0054260598248711215, 0.8494449794630802]


[11, 13]
[11, 13, 16, 29, 14, 12, 19, 9, 17, 15, 27, 25, 23, 28, 22, 18, 26, 21, 24, 20, 10]
[3, 3, 3, 3, 3, 3, 3, 3, 3, 18, 17, 20, 20, 19, 19, 20, 20, 19, 18, 19, 19, 20, 18, 17, 17, 17, 20, 19, 18, 19]
[1.0469880374770922e-18, 1.0469880374770922e-18, 1.0469880374770922e-18, 1.0469880374770922e-18, 1.0469880374770922e-18, 1.0469880374770922e-18, 1.0469880374770922e-18, 1.0469880374770922e-18, 1.0469880374770922e-18, 0.0054260598248711215, 5.079621554907244e-10, 0.8499981680693227, 0.8499981680693227, 0.8494449794630802, 0.8494449794630802, 0.8499981680693227, 0.8499981680693227, 0.8494449794630802, 0.0054260598248711215, 0.8494449794630802, 0.8494449794630802, 0.8499981680693227, 0.0054260598248711215, 5.079621554907244e-10, 5.079621554907244e-10, 5.079621554907244e-10, 0.8499981680693227, 0.8494449794630802, 0.0054260598248711215, 0.8494449794630802]


