[5, 10]
[0, 1, 2, 3, 4, 5, 6, 7, 8, 10, 26, 11, 29, 27, 13, 9, 21, 14, 28, 24, 15]
[1, 1, 1, 1, 1, 1, 1, 1, 1, 1, 1, 1, 0, 1, 1, 1, 0, 0, 0, 0, 0, 1, 0, 0, 1, 0, 1, 1, 1, 1]
[0.8499981680693227, 0.8499981680693227, 0.8499981680693227, 0.8499981680693227, 0.8499981680693227, 0.8499981680693227, 0.8499981680693227, 0.8499981680693227, 0.8499981680693227, 0.8499981680693227, 0.8499981680693227, 0.8499981680693227, 0.0008121254129634064, 0.8499981680693227, 0.8499981680693227, 0.8499981680693227, 0.0008121254129634064, 0.0008121254129634064, 0.0008121254129634064, 0.0008121254129634064, 0.0008121254129634064, 0.8499981680693227, 0.0008121254129634064, 0.0008121254129634064, 0.8499981680693227, 0.0008121254129634064, 0.8499981680693227, 0.8499981680693227, 0.8499981680693227, 0.8499981680693227]


[6, 11]
[0, 1, 2, 3, 4, 5, 6, 7, 8, 11, 26, 9, 22, 25, 24, 28, 16, 17, 14, 19, 20]
[2, 2, 2, 2, 2, 2, 2, 2, 2, 2, 1, 2, 0, 1, 2, 1, 1, 1, 0, 1, 1, 1, 1, 0, 2, 1, 2, 1, 2, 1]
[0.8499981680693227, 0.8499981680693227, 0.8499981680693227, 0.8499981680693227, 0.8499981680693227, 0.8499981680693227, 0.8499981680693227, 0.8499981680693227, 0.8499981680693227, 0.8499981680693227, 0.19105255445799585, 0.8499981680693227, 1.675516094683377e-12, 0.19105255445799585, 0.8499981680693227, 0.19105255445799585, 0.19105255445799585, 0.19105255445799585, 1.675516094683377e-12, 0.19105255445799585, 0.19105255445799585, 0.19105255445799585, 0.19105255445799585, 1.675516094683377e-12, 0.8499981680693227, 0.19105255445799585, 0.8499981680693227, 0.19105255445799585, 0.8499981680693227, 0.19105255445799585]


[14, 28]
[14, 28, 22, 23, 26, 27, 9, 18, 17, 25, 19, 15, 11, 16, 29, 24, 20, 12, 10, 13, 21]
[2, 2, 2, 2, 2, 2, 2, 2, 2, 3, 2, 3, 1, 2, 3, 2, 2, 2, 1, 2, 2, 2, 2, 1, 3, 2, 3, 2, 3, 2]
[0.8494449794630802, 0.8494449794630802, 0.8494449794630802, 0.8494449794630802, 0.8494449794630802, 0.8494449794630802, 0.8494449794630802, 0.8494449794630802, 0.8494449794630802, 0.8499981680693227, 0.8494449794630802, 0.8499981680693227, 8.844488671879211e-09, 0.8494449794630802, 0.8499981680693227, 0.8494449794630802, 0.8494449794630802, 0.8494449794630802, 8.844488671879211e-09, 0.8494449794630802, 0.8494449794630802, 0.8494449794630802, 0.8494449794630802, 8.844488671879211e-09, 0.8499981680693227, 0.8494449794630802, 0.8499981680693227, 0.8494449794630802, 0.8499981680693227, 0.8494449794630802]


[16, 13]
[13, 16, 22, 19, 11, 26, 17, 29, 15, 24, 9, 25, 10, 23, 14, 20, 27, 28, 12, 18, 21]
[2, 2, 2, 2, 2, 2, 2, 2, 2, 4, 3, 4, 2, 3, 4, 3, 3, 3, 2, 3, 3, 3, 3, 2, 4, 3, 4, 3, 4, 3]
[4.668453224289008e-05, 4.668453224289008e-05, 4.668453224289008e-05, 4.668453224289008e-05, 4.668453224289008e-05, 4.668453224289008e-05, 4.668453224289008e-05, 4.668453224289008e-05, 4.668453224289008e-05, 0.8499981680693227, 0.8494449794630802, 0.8499981680693227, 4.668453224289008e-05, 0.8494449794630802, 0.8499981680693227, 0.8494449794630802, 0.8494449794630802, 0.8494449794630802, 4.668453224289008e-05, 0.8494449794630802, 0.8494449794630802, 0.8494449794630802, 0.8494449794630802, 4.668453224289008e-05, 0.8499981680693227, 0.8494449794630802, 0.8499981680693227, 0.8494449794630802, 0.8499981680693227, 0.8494449794630802]


[19, 24]
[19, 24, 22, 11, 9, 26, 17, 29, 25, 15, 16, 20, 18, 13, 14, 27, 28, 23, 21, 12, 10]
[2, 2, 2, 2, 2, 2, 2, 2, 2, 5, 4, 5, 3, 4, 5, 4, 4, 4, 3, 4, 4, 4, 4, 3, 5, 4, 5, 4, 5, 4]
[9.622927794289359e-14, 9.622927794289359e-14, 9.622927794289359e-14, 9.622927794289359e-14, 9.622927794289359e-14, 9.622927794289359e-14, 9.622927794289359e-14, 9.622927794289359e-14, 9.622927794289359e-14, 0.8499981680693227, 0.8494449794630802, 0.8499981680693227, 4.668453224289008e-05, 0.8494449794630802, 0.8499981680693227, 0.8494449794630802, 0.8494449794630802, 0.8494449794630802, 4.668453224289008e-05, 0.8494449794630802, 0.8494449794630802, 0.8494449794630802, 0.8494449794630802, 4.668453224289008e-05, 0.8499981680693227, 0.8494449794630802, 0.8499981680693227, 0.8494449794630802, 0.8499981680693227, 0.8494449794630802]


[25, 29]
[25, 29, 22, 11, 19, 26, 9, 17, 18, 24, 14, 12, 16, 23, 20, 15, 13, 27, 28, 21, 10]
[2, 2, 2, 2, 2, 2, 2, 2, 2, 6, 5, 6, 4, 5, 6, 5, 5, 5, 4, 5, 5, 5, 5, 4, 6, 5, 6, 5, 6, 5]
[9.622927794289359e-14, 9.622927794289359e-14, 9.622927794289359e-14, 9.622927794289359e-14, 9.622927794289359e-14, 9.622927794289359e-14, 9.622927794289359e-14, 9.622927794289359e-14, 9.622927794289359e-14, 0.8499981680693227, 0.8494449794630802, 0.8499981680693227, 4.668453224289008e-05, 0.8494449794630802, 0.8499981680693227, 0.8494449794630802, 0.8494449794630802, 0.8494449794630802, 4.668453224289008e-05, 0.8494449794630802, 0.8494449794630802, 0.8494449794630802, 0.8494449794630802, 4.668453224289008e-05, 0.8499981680693227, 0.8494449794630802, 0.8499981680693227, 0.8494449794630802, 0.8499981680693227, 0.8494449794630802]


[22, 28]
[22, 28, 17, 19, 26, 11, 25, 12, 15, 29, 9, 23, 24, 14, 13, 16, 20, 18, 27, 10, 21]
[2, 2, 2, 2, 2, 2, 2, 2, 2, 7, 6, 7, 5, 6, 7, 6, 6, 6, 5, 6, 6, 6, 6, 5, 7, 6, 7, 6, 7, 6]
[9.622927794289359e-14, 9.622927794289359e-14, 9.622927794289359e-14, 9.622927794289359e-14, 9.622927794289359e-14, 9.622927794289359e-14, 9.622927794289359e-14, 9.622927794289359e-14, 9.622927794289359e-14, 0.8499981680693227, 0.8494449794630802, 0.8499981680693227, 4.668453224289008e-05, 0.8494449794630802, 0.8499981680693227, 0.8494449794630802, 0.8494449794630802, 0.8494449794630802, 4.668453224289008e-05, 0.8494449794630802, 0.8494449794630802, 0.8494449794630802, 0.8494449794630802, 4.668453224289008e-05, 0.8499981680693227, 0.8494449794630802, 0.8499981680693227, 0.8494449794630802, 0.8499981680693227, 0.8494449794630802]


[20, 19]
[19, 20, 22, 11, 26, 9, 15, 17, 24, 25, 29, 27, 12, 13, 18, 14, 23, 16, 21, 28, 10]
[2, 2, 2, 2, 2, 2, 2, 2, 2, 8, 7, 8, 6, 7, 8, 7, 7, 7, 6, 7, 7, 7, 7, 6, 8, 7, 8, 7, 8, 7]
[9.622927794289359e-14, 9.622927794289359e-14, 9.622927794289359e-14, 9.622927794289359e-14, 9.622927794289359e-14, 9.622927794289359e-14, 9.622927794289359e-14, 9.622927794289359e-14, 9.622927794289359e-14, 0.8499981680693227, 0.8494449794630802, 0.8499981680693227, 4.668453224289008e-05, 0.8494449794630802, 0.8499981680693227, 0.8494449794630802, 0.8494449794630802, 0.8494449794630802, 4.668453224289008e-05, 0.8494449794630802, 0.8494449794630802, 0.8494449794630802, 0.8494449794630802, 4.668453224289008e-05, 0.8499981680693227, 0.8494449794630802, 0.8499981680693227, 0.8494449794630802, 0.8499981680693227, 0.8494449794630802]


[22, 17]
[17, 22, 11, 15, 19, 26, 25, 9, 12, 24, 29, 13, 23, 14, 18, 21, 28, 20, 16, 27, 10]
[2, 2, 2, 2, 2, 2, 2, 2, 2, 9, 8, 9, 7, 8, 9, 8, 8, 8, 7, 8, 8, 8, 8, 7, 9, 8, 9, 8, 9, 8]
[9.622927794289359e-14, 9.622927794289359e-14, 9.622927794289359e-14, 9.622927794289359e-14, 9.622927794289359e-14, 9.622927794289359e-14, 9.622927794289359e-14, 9.622927794289359e-14, 9.622927794289359e-14, 0.8499981680693227, 0.8494449794630802, 0.8499981680693227, 4.668453224289008e-05, 0.8494449794630802, 0.8499981680693227, 0.8494449794630802, 0.8494449794630802, 0.8494449794630802, 4.668453224289008e-05, 0.8494449794630802, 0.8494449794630802, 0.8494449794630802, 0.8494449794630802, 4.668453224289008e-05, 0.8499981680693227, 0.8494449794630802, 0.8499981680693227, 0.8494449794630802, 0.8499981680693227, 0.8494449794630802]


[20, 19]
[19, 20, 22, 11, 9, 26, 15, 12, 17, 25, 24, 29, 27, 13, 18, 14, 16, 23, 21, 28, 10]
[2, 2, 2, 2, 2, 2, 2, 2, 2, 10, 9, 10, 8, 9, 10, 9, 9, 9, 8, 9, 9, 9, 9, 8, 10, 9, 10, 9, 10, 9]
[9.622927794289359e-14, 9.622927794289359e-14, 9.622927794289359e-14, 9.622927794289359e-14, 9.622927794289359e-14, 9.622927794289359e-14, 9.622927794289359e-14, 9.622927794289359e-14, 9.622927794289359e-14, 0.8499981680693227, 0.8494449794630802, 0.8499981680693227, 4.668453224289008e-05, 0.8494449794630802, 0.8499981680693227, 0.8494449794630802, 0.8494449794630802, 0.8494449794630802, 4.668453224289008e-05, 0.8494449794630802, 0.8494449794630802, 0.8494449794630802, 0.8494449794630802, 4.668453224289008e-05, 0.8499981680693227, 0.8494449794630802, 0.8499981680693227, 0.8494449794630802, 0.8499981680693227, 0.8494449794630802]


[16, 19]
[16, 19, 22, 9, 15, 12, 11, 26, 25, 17, 29, 24, 13, 20, 18, 21, 27, 23, 14, 10, 28]
[2, 2, 2, 2, 2, 2, 2, 2, 2, 11, 10, 11, 9, 10, 11, 10, 10, 10, 9, 10, 10, 10, 10, 9, 11, 10, 11, 10, 11, 10]
[9.622927794289359e-14, 9.622927794289359e-14, 9.622927794289359e-14, 9.622927794289359e-14, 9.622927794289359e-14, 9.622927794289359e-14, 9.622927794289359e-14, 9.622927794289359e-14, 9.622927794289359e-14, 0.8499981680693227, 0.8494449794630802, 0.8499981680693227, 4.668453224289008e-05, 0.8494449794630802, 0.8499981680693227, 0.8494449794630802, 0.8494449794630802, 0.8494449794630802, 4.668453224289008e-05, 0.8494449794630802, 0.8494449794630802, 0.8494449794630802, 0.8494449794630802, 4.668453224289008e-05, 0.8499981680693227, 0.8494449794630802, 0.8499981680693227, 0.8494449794630802, 0.8499981680693227, 0.8494449794630802]


[25, 9]
[9, 25, 22, 11, 19, 17, 29, 12, 15, 26, 24, 18, 13, 23, 16, 14, 20, 27, 21, 10, 28]
[2, 2, 2, 2, 2, 2, 2, 2, 2, 12, 11, 12, 10, 11, 12, 11, 11, 11, 10, 11, 11, 11, 11, 10, 12, 11, 12, 11, 12, 11]
[9.622927794289359e-14, 9.622927794289359e-14, 9.622927794289359e-14, 9.622927794289359e-14, 9.622927794289359e-14, 9.622927794289359e-14, 9.622927794289359e-14, 9.622927794289359e-14, 9.622927794289359e-14, 0.8499981680693227, 0.8494449794630802, 0.8499981680693227, 4.668453224289008e-05, 0.8494449794630802, 0.8499981680693227, 0.8494449794630802, 0.8494449794630802, 0.8494449794630802, 4.668453224289008e-05, 0.8494449794630802, 0.8494449794630802, 0.8494449794630802, 0.8494449794630802, 4.668453224289008e-05, 0.8499981680693227, 0.8494449794630802, 0.8499981680693227, 0.8494449794630802, 0.8499981680693227, 0.8494449794630802]


[25, 9]
[9, 25, 22, 11, 19, 17, 29, 12, 15, 26, 18, 24, 13, 23, 16, 14, 27, 20, 21, 28, 10]
[2, 2, 2, 2, 2, 2, 2, 2, 2, 13, 12, 13, 11, 12, 13, 12, 12, 12, 11, 12, 12, 12, 12, 11, 13, 12, 13, 12, 13, 12]
[9.622927794289359e-14, 9.622927794289359e-14, 9.622927794289359e-14, 9.622927794289359e-14, 9.622927794289359e-14, 9.622927794289359e-14, 9.622927794289359e-14, 9.622927794289359e-14, 9.622927794289359e-14, 0.8499981680693227, 0.8494449794630802, 0.8499981680693227, 4.668453224289008e-05, 0.8494449794630802, 0.8499981680693227, 0.8494449794630802, 0.8494449794630802, 0.8494449794630802, 4.668453224289008e-05, 0.8494449794630802, 0.8494449794630802, 0.8494449794630802, 0.8494449794630802, 4.668453224289008e-05, 0.8499981680693227, 0.8494449794630802, 0.8499981680693227, 0.8494449794630802, 0.8499981680693227, 0.8494449794630802]


[14, 25]
[14, 25, 22, 11, 19, 26, 9, 15, 12, 17, 29, 18, 24, 13, 23, 27, 20, 21, 16, 10, 28]
[2, 2, 2, 2, 2, 2, 2, 2, 2, 14, 13, 14, 12, 13, 14, 13, 13, 13, 12, 13, 13, 13, 13, 12, 14, 13, 14, 13, 14, 13]
[9.622927794289359e-14, 9.622927794289359e-14, 9.622927794289359e-14, 9.622927794289359e-14, 9.622927794289359e-14, 9.622927794289359e-14, 9.622927794289359e-14, 9.622927794289359e-14, 9.622927794289359e-14, 0.8499981680693227, 0.8494449794630802, 0.8499981680693227, 4.668453224289008e-05, 0.8494449794630802, 0.8499981680693227, 0.8494449794630802, 0.8494449794630802, 0.8494449794630802, 4.668453224289008e-05, 0.8494449794630802, 0.8494449794630802, 0.8494449794630802, 0.8494449794630802, 4.668453224289008e-05, 0.8499981680693227, 0.8494449794630802, 0.8499981680693227, 0.8494449794630802, 0.8499981680693227, 0.8494449794630802]


[27, 26]
[26, 27, 22, 11, 19, 12, 15, 17, 25, 18, 29, 9, 24, 14, 20, 13, 23, 21, 16, 28, 10]
[2, 2, 2, 2, 2, 2, 2, 2, 2, 15, 14, 15, 13, 14, 15, 14, 14, 14, 13, 14, 14, 14, 14, 13, 15, 14, 15, 14, 15, 14]
[9.622927794289359e-14, 9.622927794289359e-14, 9.622927794289359e-14, 9.622927794289359e-14, 9.622927794289359e-14, 9.622927794289359e-14, 9.622927794289359e-14, 9.622927794289359e-14, 9.622927794289359e-14, 0.8499981680693227, 0.8494449794630802, 0.8499981680693227, 4.668453224289008e-05, 0.8494449794630802, 0.8499981680693227, 0.8494449794630802, 0.8494449794630802, 0.8494449794630802, 4.668453224289008e-05, 0.8494449794630802, 0.8494449794630802, 0.8494449794630802, 0.8494449794630802, 4.668453224289008e-05, 0.8499981680693227, 0.8494449794630802, 0.8499981680693227, 0.8494449794630802, 0.8499981680693227, 0.8494449794630802]


[20, 28]
[20, 28, 22, 11, 15, 26, 17, 25, 19, 12, 29, 27, 9, 18, 24, 10, 14, 13, 16, 23, 21]
[2, 2, 2, 2, 2, 2, 2, 2, 2, 16, 15, 16, 14, 15, 16, 15, 15, 15, 14, 15, 15, 15, 15, 14, 16, 15, 16, 15, 16, 15]
[9.622927794289359e-14, 9.622927794289359e-14, 9.622927794289359e-14, 9.622927794289359e-14, 9.622927794289359e-14, 9.622927794289359e-14, 9.622927794289359e-14, 9.622927794289359e-14, 9.622927794289359e-14, 0.8499981680693227, 0.8494449794630802, 0.8499981680693227, 4.668453224289008e-05, 0.8494449794630802, 0.8499981680693227, 0.8494449794630802, 0.8494449794630802, 0.8494449794630802, 4.668453224289008e-05, 0.8494449794630802, 0.8494449794630802, 0.8494449794630802, 0.8494449794630802, 4.668453224289008e-05, 0.8499981680693227, 0.8494449794630802, 0.8499981680693227, 0.8494449794630802, 0.8499981680693227, 0.8494449794630802]


[20, 17]
[17, 20, 22, 11, 15, 19, 26, 12, 25, 29, 9, 18, 13, 24, 27, 16, 14, 21, 23, 10, 28]
[2, 2, 2, 2, 2, 2, 2, 2, 2, 17, 16, 17, 15, 16, 17, 16, 16, 16, 15, 16, 16, 16, 16, 15, 17, 16, 17, 16, 17, 16]
[9.622927794289359e-14, 9.622927794289359e-14, 9.622927794289359e-14, 9.622927794289359e-14, 9.622927794289359e-14, 9.622927794289359e-14, 9.622927794289359e-14, 9.622927794289359e-14, 9.622927794289359e-14, 0.8499981680693227, 0.8494449794630802, 0.8499981680693227, 4.668453224289008e-05, 0.8494449794630802, 0.8499981680693227, 0.8494449794630802, 0.8494449794630802, 0.8494449794630802, 4.668453224289008e-05, 0.8494449794630802, 0.8494449794630802, 0.8494449794630802, 0.8494449794630802, 4.668453224289008e-05, 0.8499981680693227, 0.8494449794630802, 0.8499981680693227, 0.8494449794630802, 0.8499981680693227, 0.8494449794630802]


[17, 20]
[17, 20, 22, 11, 15, 19, 12, 25, 26, 29, 9, 18, 24, 27, 13, 16, 14, 21, 23, 10, 28]
[2, 2, 2, 2, 2, 2, 2, 2, 2, 18, 17, 18, 16, 17, 18, 17, 17, 17, 16, 17, 17, 17, 17, 16, 18, 17, 18, 17, 18, 17]
[9.622927794289359e-14, 9.622927794289359e-14, 9.622927794289359e-14, 9.622927794289359e-14, 9.622927794289359e-14, 9.622927794289359e-14, 9.622927794289359e-14, 9.622927794289359e-14, 9.622927794289359e-14, 0.8499981680693227, 0.8494449794630802, 0.8499981680693227, 4.668453224289008e-05, 0.8494449794630802, 0.8499981680693227, 0.8494449794630802, 0.8494449794630802, 0.8494449794630802, 4.668453224289008e-05, 0.8494449794630802, 0.8494449794630802, 0.8494449794630802, 0.8494449794630802, 4.668453224289008e-05, 0.8499981680693227, 0.8494449794630802, 0.8499981680693227, 0.8494449794630802, 0.8499981680693227, 0.8494449794630802]


[19, 21]
[19, 21, 22, 11, 15, 26, 25, 12, 17, 29, 24, 9, 13, 18, 10, 27, 16, 14, 20, 23, 28]
[2, 2, 2, 2, 2, 2, 2, 2, 2, 19, 18, 19, 17, 18, 19, 18, 18, 18, 17, 18, 18, 18, 18, 17, 19, 18, 19, 18, 19, 18]
[9.622927794289359e-14, 9.622927794289359e-14, 9.622927794289359e-14, 9.622927794289359e-14, 9.622927794289359e-14, 9.622927794289359e-14, 9.622927794289359e-14, 9.622927794289359e-14, 9.622927794289359e-14, 0.8499981680693227, 0.8494449794630802, 0.8499981680693227, 4.668453224289008e-05, 0.8494449794630802, 0.8499981680693227, 0.8494449794630802, 0.8494449794630802, 0.8494449794630802, 4.668453224289008e-05, 0.8494449794630802, 0.8494449794630802, 0.8494449794630802, 0.8494449794630802, 4.668453224289008e-05, 0.8499981680693227, 0.8494449794630802, 0.8499981680693227, 0.8494449794630802, 0.8499981680693227, 0.8494449794630802]


[11, 29]
[11, 29, 22, 25, 15, 19, 17, 12, 9, 26, 14, 27, 18, 16, 13, 24, 20, 21, 10, 28, 23]
[2, 2, 2, 2, 2, 2, 2, 2, 2, 20, 19, 20, 18, 19, 20, 19, 19, 19, 18, 19, 19, 19, 19, 18, 20, 19, 20, 19, 20, 19]
[9.622927794289359e-14, 9.622927794289359e-14, 9.622927794289359e-14, 9.622927794289359e-14, 9.622927794289359e-14, 9.622927794289359e-14, 9.622927794289359e-14, 9.622927794289359e-14, 9.622927794289359e-14, 0.8499981680693227, 0.8494449794630802, 0.8499981680693227, 4.668453224289008e-05, 0.8494449794630802, 0.8499981680693227, 0.8494449794630802, 0.8494449794630802, 0.8494449794630802, 4.668453224289008e-05, 0.8494449794630802, 0.8494449794630802, 0.8494449794630802, 0.8494449794630802, 4.668453224289008e-05, 0.8499981680693227, 0.8494449794630802, 0.8499981680693227, 0.8494449794630802, 0.8499981680693227, 0.8494449794630802]


