[5, 0]
[0, 1, 2, 3, 4, 5, 6, 7, 8, 26, 28, 11, 29, 15, 21, 25, 27, 9, 14, 18, 20]
[1, 1, 1, 1, 1, 1, 1, 1, 1, 1, 0, 1, 0, 0, 1, 1, 0, 0, 1, 0, 1, 1, 0, 0, 0, 1, 1, 1, 1, 1]
[0.8499981680693227, 0.8499981680693227, 0.8499981680693227, 0.8499981680693227, 0.8499981680693227, 0.8499981680693227, 0.8499981680693227, 0.8499981680693227, 0.8499981680693227, 0.8499981680693227, 0.0008121254129634064, 0.8499981680693227, 0.0008121254129634064, 0.0008121254129634064, 0.8499981680693227, 0.8499981680693227, 0.0008121254129634064, 0.0008121254129634064, 0.8499981680693227, 0.0008121254129634064, 0.8499981680693227, 0.8499981680693227, 0.0008121254129634064, 0.0008121254129634064, 0.0008121254129634064, 0.8499981680693227, 0.8499981680693227, 0.8499981680693227, 0.8499981680693227, 0.8499981680693227]


[25, 3]
[0, 1, 2, 3, 4, 5, 6, 7, 8, 25, 18, 9, 28, 22, 16, 11, 19, 15, 26, 10, 21]
[2, 2, 2, 2, 2, 2, 2, 2, 2, 2, 1, 2, 0, 0, 1, 2, 1, 0, 2, 1, 1, 2, 1, 0, 0, 2, 2, 1, 2, 1]
[0.8499981680693227, 0.8499981680693227, 0.8499981680693227, 0.8499981680693227, 0.8499981680693227, 0.8499981680693227, 0.8499981680693227, 0.8499981680693227, 0.8499981680693227, 0.8499981680693227, 0.035167603401064076, 0.8499981680693227, 1.675516094683377e-12, 1.675516094683377e-12, 0.035167603401064076, 0.8499981680693227, 0.035167603401064076, 1.675516094683377e-12, 0.8499981680693227, 0.035167603401064076, 0.035167603401064076, 0.8499981680693227, 0.035167603401064076, 1.675516094683377e-12, 1.675516094683377e-12, 0.8499981680693227, 0.8499981680693227, 0.035167603401064076, 0.8499981680693227, 0.035167603401064076]


[0, 9]
[0, 1, 2, 3, 4, 5, 6, 7, 8, 9, 28, 18, 22, 19, 15, 14, 29, 11, 26, 23, 17]
[3, 3, 3, 3, 3, 3, 3, 3, 3, 3, 1, 3, 0, 0, 2, 3, 1, 1, 3, 2, 1, 2, 2, 1, 0, 2, 3, 1, 3, 2]
[0.8499981680693227, 0.8499981680693227, 0.8499981680693227, 0.8499981680693227, 0.8499981680693227, 0.8499981680693227, 0.8499981680693227, 0.8499981680693227, 0.8499981680693227, 0.8499981680693227, 5.079621554907244e-10, 0.8499981680693227, 3.4534960680175594e-21, 3.4534960680175594e-21, 0.19105255445799585, 0.8499981680693227, 5.079621554907244e-10, 5.079621554907244e-10, 0.8499981680693227, 0.19105255445799585, 5.079621554907244e-10, 0.19105255445799585, 0.19105255445799585, 5.079621554907244e-10, 3.4534960680175594e-21, 0.19105255445799585, 0.8499981680693227, 5.079621554907244e-10, 0.8499981680693227, 0.19105255445799585]


[26, 9]
[9, 26, 22, 19, 15, 20, 18, 14, 29, 11, 28, 16, 23, 17, 21, 24, 13, 10, 25, 27, 12]
[3, 3, 3, 3, 3, 3, 3, 3, 3, 4, 2, 4, 1, 1, 3, 4, 2, 2, 4, 3, 2, 3, 3, 2, 1, 3, 4, 2, 4, 3]
[0.8494449794630802, 0.8494449794630802, 0.8494449794630802, 0.8494449794630802, 0.8494449794630802, 0.8494449794630802, 0.8494449794630802, 0.8494449794630802, 0.8494449794630802, 0.8499981680693227, 2.681353775946757e-06, 0.8499981680693227, 1.822985005434742e-17, 1.822985005434742e-17, 0.8494449794630802, 0.8499981680693227, 2.681353775946757e-06, 2.681353775946757e-06, 0.8499981680693227, 0.8494449794630802, 2.681353775946757e-06, 0.8494449794630802, 0.8494449794630802, 2.681353775946757e-06, 1.822985005434742e-17, 0.8494449794630802, 0.8499981680693227, 2.681353775946757e-06, 0.8499981680693227, 0.8494449794630802]


[29, 1]
[0, 1, 2, 3, 4, 5, 6, 7, 8, 29, 22, 9, 19, 14, 26, 11, 15, 25, 16, 17, 18]
[4, 4, 4, 4, 4, 4, 4, 4, 4, 5, 2, 5, 1, 1, 4, 5, 3, 3, 5, 4, 2, 3, 4, 2, 1, 4, 5, 2, 4, 4]
[0.8497857753390281, 0.8497857753390281, 0.8497857753390281, 0.8497857753390281, 0.8497857753390281, 0.8497857753390281, 0.8497857753390281, 0.8497857753390281, 0.8497857753390281, 0.8499981680693227, 5.5266994824925225e-15, 0.8499981680693227, 3.7574521476029697e-26, 3.7574521476029697e-26, 0.8497857753390281, 0.8499981680693227, 1.8012494845564522e-05, 1.8012494845564522e-05, 0.8499981680693227, 0.8497857753390281, 5.5266994824925225e-15, 1.8012494845564522e-05, 0.8497857753390281, 5.5266994824925225e-15, 3.7574521476029697e-26, 0.8497857753390281, 0.8499981680693227, 5.5266994824925225e-15, 0.8497857753390281, 0.8497857753390281]


[19, 22]
[19, 22, 9, 11, 26, 15, 29, 14, 20, 16, 17, 18, 23, 13, 27, 25, 12, 24, 21, 10, 28]
[4, 4, 4, 4, 4, 4, 4, 4, 4, 6, 3, 6, 2, 2, 5, 6, 4, 4, 6, 5, 3, 4, 5, 3, 2, 5, 6, 3, 5, 5]
[0.08551764694302356, 0.08551764694302356, 0.08551764694302356, 0.08551764694302356, 0.08551764694302356, 0.08551764694302356, 0.08551764694302356, 0.08551764694302356, 0.08551764694302356, 0.8499981680693227, 2.9173597095089933e-11, 0.8499981680693227, 1.9834332481666526e-22, 1.9834332481666526e-22, 0.8497857753390281, 0.8499981680693227, 0.08551764694302356, 0.08551764694302356, 0.8499981680693227, 0.8497857753390281, 2.9173597095089933e-11, 0.08551764694302356, 0.8497857753390281, 2.9173597095089933e-11, 1.9834332481666526e-22, 0.8497857753390281, 0.8499981680693227, 2.9173597095089933e-11, 0.8497857753390281, 0.8497857753390281]


[18, 3]
[0, 1, 2, 3, 4, 5, 6, 7, 8, 18, 22, 19, 26, 9, 25, 11, 14, 15, 16, 17, 29]
[5, 5, 5, 5, 5, 5, 5, 5, 5, 7, 3, 7, 2, 2, 6, 7, 5, 5, 7, 6, 3, 4, 6, 3, 2, 6, 7, 3, 5, 6]
[0.19105255445799585, 0.19105255445799585, 0.19105255445799585, 0.19105255445799585, 0.19105255445799585, 0.19105255445799585, 0.19105255445799585, 0.19105255445799585, 0.19105255445799585, 0.8499981680693227, 6.013126533417106e-20, 0.8499981680693227, 4.0881606243237755e-31, 4.0881606243237755e-31, 0.8497857753390281, 0.8499981680693227, 0.19105255445799585, 0.19105255445799585, 0.8499981680693227, 0.8497857753390281, 6.013126533417106e-20, 1.9598262272310245e-10, 0.8497857753390281, 6.013126533417106e-20, 4.0881606243237755e-31, 0.8497857753390281, 0.8499981680693227, 6.013126533417106e-20, 0.19105255445799585, 0.8497857753390281]


[0, 11]
[0, 1, 2, 3, 4, 5, 6, 7, 8, 11, 19, 22, 9, 14, 26, 29, 15, 20, 16, 27, 18]
[6, 6, 6, 6, 6, 6, 6, 6, 6, 8, 3, 8, 2, 2, 7, 8, 6, 5, 8, 7, 4, 4, 7, 3, 2, 6, 8, 4, 5, 7]
[0.36469539264905343, 0.36469539264905343, 0.36469539264905343, 0.36469539264905343, 0.36469539264905343, 0.36469539264905343, 0.36469539264905343, 0.36469539264905343, 0.36469539264905343, 0.8499981680693227, 1.239397753653409e-28, 0.8499981680693227, 8.426327079935635e-40, 8.426327079935635e-40, 0.8497857753390281, 0.8499981680693227, 0.36469539264905343, 3.4123921994274023e-09, 0.8499981680693227, 0.8497857753390281, 2.7136604924226945e-18, 2.7136604924226945e-18, 0.8497857753390281, 1.239397753653409e-28, 8.426327079935635e-40, 0.36469539264905343, 0.8499981680693227, 2.7136604924226945e-18, 3.4123921994274023e-09, 0.8497857753390281]


[6, 1]
[0, 1, 2, 3, 4, 5, 6, 7, 8, 22, 14, 11, 26, 19, 9, 29, 15, 16, 20, 12, 28]
[7, 7, 7, 7, 7, 7, 7, 7, 7, 9, 3, 9, 3, 2, 8, 9, 7, 5, 8, 8, 5, 4, 8, 3, 2, 6, 9, 4, 6, 8]
[0.5616429134509445, 0.5616429134509445, 0.5616429134509445, 0.5616429134509445, 0.5616429134509445, 0.5616429134509445, 0.5616429134509445, 0.5616429134509445, 0.5616429134509445, 0.8499981680693227, 6.6211718336135434e-37, 0.8499981680693227, 6.6211718336135434e-37, 1.7367954584661468e-48, 0.8499173347655269, 0.8499981680693227, 0.5616429134509445, 4.7249464277049756e-17, 0.8499173347655269, 0.8499173347655269, 4.7249464277049756e-17, 1.4497050979360818e-26, 0.8499173347655269, 6.6211718336135434e-37, 1.7367954584661468e-48, 2.2923794950746978e-08, 0.8499981680693227, 1.4497050979360818e-26, 2.2923794950746978e-08, 0.8499173347655269]


[9, 15]
[9, 15, 19, 22, 26, 11, 29, 14, 20, 16, 17, 12, 25, 18, 23, 27, 24, 13, 28, 21, 10]
[7, 7, 7, 7, 7, 7, 7, 7, 7, 10, 4, 10, 4, 3, 9, 10, 8, 6, 9, 9, 6, 5, 9, 4, 3, 7, 10, 5, 7, 9]
[0.00012098982125829384, 0.00012098982125829384, 0.00012098982125829384, 0.00012098982125829384, 0.00012098982125829384, 0.00012098982125829384, 0.00012098982125829384, 0.00012098982125829384, 0.00012098982125829384, 0.8499981680693227, 3.495095038001061e-33, 0.8499981680693227, 3.495095038001061e-33, 9.16796201858263e-45, 0.8499173347655269, 0.8499981680693227, 0.5616429134509445, 2.494141102100809e-13, 0.8499173347655269, 0.8499173347655269, 2.494141102100809e-13, 7.65250807815995e-23, 0.8499173347655269, 3.495095038001061e-33, 9.16796201858263e-45, 0.00012098982125829384, 0.8499981680693227, 7.65250807815995e-23, 0.00012098982125829384, 0.8499173347655269]


[29, 26]
[26, 29, 22, 19, 25, 9, 11, 17, 20, 14, 18, 16, 15, 12, 27, 23, 24, 13, 21, 28, 10]
[7, 7, 7, 7, 7, 7, 7, 7, 7, 11, 5, 11, 5, 4, 10, 11, 9, 7, 10, 10, 7, 6, 10, 5, 4, 8, 11, 6, 8, 10]
[1.316573621042829e-09, 1.316573621042829e-09, 1.316573621042829e-09, 1.316573621042829e-09, 1.316573621042829e-09, 1.316573621042829e-09, 1.316573621042829e-09, 1.316573621042829e-09, 1.316573621042829e-09, 0.8499981680693227, 1.8449437096081003e-29, 0.8499981680693227, 1.8449437096081003e-29, 4.839460350063623e-41, 0.8499173347655269, 0.8499981680693227, 0.5616429134509445, 1.316573621042829e-09, 0.8499173347655269, 0.8499173347655269, 1.316573621042829e-09, 4.0395029285387307e-19, 0.8499173347655269, 1.8449437096081003e-29, 4.839460350063623e-41, 0.00012098982125829384, 0.8499981680693227, 4.0395029285387307e-19, 0.00012098982125829384, 0.8499173347655269]


[22, 29]
[22, 29, 19, 26, 11, 17, 9, 25, 16, 20, 14, 15, 12, 27, 18, 23, 13, 24, 28, 10, 21]
[7, 7, 7, 7, 7, 7, 7, 7, 7, 12, 6, 12, 6, 5, 11, 12, 10, 8, 11, 11, 8, 7, 11, 6, 5, 9, 12, 7, 9, 11]
[2.132318416787125e-15, 2.132318416787125e-15, 2.132318416787125e-15, 2.132318416787125e-15, 2.132318416787125e-15, 2.132318416787125e-15, 2.132318416787125e-15, 2.132318416787125e-15, 2.132318416787125e-15, 0.8499981680693227, 9.738840445292176e-26, 0.8499981680693227, 9.738840445292176e-26, 2.5545891695849376e-37, 0.8499173347655269, 0.8499981680693227, 0.5616429134509445, 1.316573621042829e-09, 0.8499173347655269, 0.8499173347655269, 1.316573621042829e-09, 2.132318416787125e-15, 0.8499173347655269, 9.738840445292176e-26, 2.5545891695849376e-37, 0.00012098982125829384, 0.8499981680693227, 2.132318416787125e-15, 0.00012098982125829384, 0.8499173347655269]


[19, 29]
[19, 29, 22, 11, 26, 9, 17, 25, 16, 20, 15, 18, 27, 14, 12, 13, 24, 23, 21, 28, 10]
[7, 7, 7, 7, 7, 7, 7, 7, 7, 13, 7, 13, 7, 6, 12, 13, 11, 9, 12, 12, 9, 8, 12, 7, 6, 10, 13, 8, 10, 12]
[5.140807967469474e-22, 5.140807967469474e-22, 5.140807967469474e-22, 5.140807967469474e-22, 5.140807967469474e-22, 5.140807967469474e-22, 5.140807967469474e-22, 5.140807967469474e-22, 5.140807967469474e-22, 0.8499981680693227, 5.140807967469474e-22, 0.8499981680693227, 5.140807967469474e-22, 1.348482135053561e-33, 0.8499173347655269, 0.8499981680693227, 0.5616429134509445, 1.316573621042829e-09, 0.8499173347655269, 0.8499173347655269, 1.316573621042829e-09, 2.132318416787125e-15, 0.8499173347655269, 5.140807967469474e-22, 1.348482135053561e-33, 0.00012098982125829384, 0.8499981680693227, 2.132318416787125e-15, 0.00012098982125829384, 0.8499173347655269]


[9, 26]
[9, 26, 19, 22, 11, 29, 12, 17, 25, 15, 20, 27, 14, 16, 24, 18, 13, 28, 21, 23, 10]
[7, 7, 7, 7, 7, 7, 7, 7, 7, 14, 8, 14, 8, 7, 13, 14, 12, 10, 13, 13, 10, 9, 13, 8, 7, 11, 14, 9, 11, 13]
[7.118185930671716e-30, 7.118185930671716e-30, 7.118185930671716e-30, 7.118185930671716e-30, 7.118185930671716e-30, 7.118185930671716e-30, 7.118185930671716e-30, 7.118185930671716e-30, 7.118185930671716e-30, 0.8499981680693227, 5.140807967469474e-22, 0.8499981680693227, 5.140807967469474e-22, 7.118185930671716e-30, 0.8499173347655269, 0.8499981680693227, 0.5616429134509445, 1.316573621042829e-09, 0.8499173347655269, 0.8499173347655269, 1.316573621042829e-09, 2.132318416787125e-15, 0.8499173347655269, 5.140807967469474e-22, 7.118185930671716e-30, 0.00012098982125829384, 0.8499981680693227, 2.132318416787125e-15, 0.00012098982125829384, 0.8499173347655269]


[14, 16]
[14, 16, 22, 19, 26, 29, 11, 17, 15, 20, 12, 9, 25, 27, 18, 24, 28, 13, 21, 23, 10]
[7, 7, 7, 7, 7, 7, 7, 7, 7, 15, 9, 15, 9, 8, 14, 15, 13, 11, 14, 14, 11, 10, 14, 9, 8, 12, 15, 10, 12, 14]
[1.46716747161952e-38, 1.46716747161952e-38, 1.46716747161952e-38, 1.46716747161952e-38, 1.46716747161952e-38, 1.46716747161952e-38, 1.46716747161952e-38, 1.46716747161952e-38, 1.46716747161952e-38, 0.8499981680693227, 5.140807967469474e-22, 0.8499981680693227, 5.140807967469474e-22, 7.118185930671716e-30, 0.8499173347655269, 0.8499981680693227, 0.5616429134509445, 1.316573621042829e-09, 0.8499173347655269, 0.8499173347655269, 1.316573621042829e-09, 2.132318416787125e-15, 0.8499173347655269, 5.140807967469474e-22, 7.118185930671716e-30, 0.00012098982125829384, 0.8499981680693227, 2.132318416787125e-15, 0.00012098982125829384, 0.8499173347655269]


[18, 16]
[16, 18, 19, 22, 29, 11, 26, 25, 17, 12, 15, 20, 14, 9, 27, 13, 24, 28, 21, 23, 10]
[7, 7, 7, 7, 7, 7, 7, 7, 7, 16, 10, 16, 10, 9, 15, 16, 14, 12, 15, 15, 12, 11, 15, 10, 9, 13, 16, 11, 13, 15]
[1.46716747161952e-38, 1.46716747161952e-38, 1.46716747161952e-38, 1.46716747161952e-38, 1.46716747161952e-38, 1.46716747161952e-38, 1.46716747161952e-38, 1.46716747161952e-38, 1.46716747161952e-38, 0.8499981680693227, 5.140807967469474e-22, 0.8499981680693227, 5.140807967469474e-22, 7.118185930671716e-30, 0.8499173347655269, 0.8499981680693227, 0.5616429134509445, 1.316573621042829e-09, 0.8499173347655269, 0.8499173347655269, 1.316573621042829e-09, 2.132318416787125e-15, 0.8499173347655269, 5.140807967469474e-22, 7.118185930671716e-30, 0.00012098982125829384, 0.8499981680693227, 2.132318416787125e-15, 0.00012098982125829384, 0.8499173347655269]


[15, 9]
[9, 15, 19, 22, 11, 29, 26, 12, 17, 25, 24, 13, 16, 14, 20, 27, 28, 18, 10, 23, 21]
[7, 7, 7, 7, 7, 7, 7, 7, 7, 17, 11, 17, 11, 10, 16, 17, 15, 13, 16, 16, 13, 12, 16, 11, 10, 14, 17, 12, 14, 16]
[1.46716747161952e-38, 1.46716747161952e-38, 1.46716747161952e-38, 1.46716747161952e-38, 1.46716747161952e-38, 1.46716747161952e-38, 1.46716747161952e-38, 1.46716747161952e-38, 1.46716747161952e-38, 0.8499981680693227, 5.140807967469474e-22, 0.8499981680693227, 5.140807967469474e-22, 7.118185930671716e-30, 0.8499173347655269, 0.8499981680693227, 0.5616429134509445, 1.316573621042829e-09, 0.8499173347655269, 0.8499173347655269, 1.316573621042829e-09, 2.132318416787125e-15, 0.8499173347655269, 5.140807967469474e-22, 7.118185930671716e-30, 0.00012098982125829384, 0.8499981680693227, 2.132318416787125e-15, 0.00012098982125829384, 0.8499173347655269]


[18, 15]
[15, 18, 19, 22, 11, 26, 29, 25, 17, 12, 9, 16, 20, 13, 14, 24, 27, 28, 10, 21, 23]
[7, 7, 7, 7, 7, 7, 7, 7, 7, 18, 12, 18, 12, 11, 17, 18, 16, 14, 17, 17, 14, 13, 17, 12, 11, 15, 18, 13, 15, 17]
[1.46716747161952e-38, 1.46716747161952e-38, 1.46716747161952e-38, 1.46716747161952e-38, 1.46716747161952e-38, 1.46716747161952e-38, 1.46716747161952e-38, 1.46716747161952e-38, 1.46716747161952e-38, 0.8499981680693227, 5.140807967469474e-22, 0.8499981680693227, 5.140807967469474e-22, 7.118185930671716e-30, 0.8499173347655269, 0.8499981680693227, 0.5616429134509445, 1.316573621042829e-09, 0.8499173347655269, 0.8499173347655269, 1.316573621042829e-09, 2.132318416787125e-15, 0.8499173347655269, 5.140807967469474e-22, 7.118185930671716e-30, 0.00012098982125829384, 0.8499981680693227, 2.132318416787125e-15, 0.00012098982125829384, 0.8499173347655269]


[26, 11]
[11, 26, 19, 22, 29, 12, 25, 17, 9, 13, 15, 16, 14, 20, 24, 27, 10, 28, 18, 21, 23]
[7, 7, 7, 7, 7, 7, 7, 7, 7, 19, 13, 19, 13, 12, 18, 19, 17, 15, 18, 18, 15, 14, 18, 13, 12, 16, 19, 14, 16, 18]
[1.46716747161952e-38, 1.46716747161952e-38, 1.46716747161952e-38, 1.46716747161952e-38, 1.46716747161952e-38, 1.46716747161952e-38, 1.46716747161952e-38, 1.46716747161952e-38, 1.46716747161952e-38, 0.8499981680693227, 5.140807967469474e-22, 0.8499981680693227, 5.140807967469474e-22, 7.118185930671716e-30, 0.8499173347655269, 0.8499981680693227, 0.5616429134509445, 1.316573621042829e-09, 0.8499173347655269, 0.8499173347655269, 1.316573621042829e-09, 2.132318416787125e-15, 0.8499173347655269, 5.140807967469474e-22, 7.118185930671716e-30, 0.00012098982125829384, 0.8499981680693227, 2.132318416787125e-15, 0.00012098982125829384, 0.8499173347655269]


[9, 11]
[9, 11, 19, 29, 22, 26, 12, 17, 25, 13, 15, 16, 24, 14, 27, 20, 28, 10, 21, 18, 23]
[7, 7, 7, 7, 7, 7, 7, 7, 7, 20, 14, 20, 14, 13, 19, 20, 18, 16, 19, 19, 16, 15, 19, 14, 13, 17, 20, 15, 17, 19]
[1.46716747161952e-38, 1.46716747161952e-38, 1.46716747161952e-38, 1.46716747161952e-38, 1.46716747161952e-38, 1.46716747161952e-38, 1.46716747161952e-38, 1.46716747161952e-38, 1.46716747161952e-38, 0.8499981680693227, 5.140807967469474e-22, 0.8499981680693227, 5.140807967469474e-22, 7.118185930671716e-30, 0.8499173347655269, 0.8499981680693227, 0.5616429134509445, 1.316573621042829e-09, 0.8499173347655269, 0.8499173347655269, 1.316573621042829e-09, 2.132318416787125e-15, 0.8499173347655269, 5.140807967469474e-22, 7.118185930671716e-30, 0.00012098982125829384, 0.8499981680693227, 2.132318416787125e-15, 0.00012098982125829384, 0.8499173347655269]


