[9, 16]
[9, 16, 28, 11, 20, 17, 14, 25, 12, 23, 29, 15, 19, 13, 21, 24, 26, 10, 18, 22, 27]
[0, 0, 0, 0, 0, 0, 0, 0, 0, 1, 1, 1, 1, 1, 1, 1, 1, 1, 1, 1, 1, 1, 1, 1, 1, 1, 1, 1, 1, 1]
[0.0008121254129634064, 0.0008121254129634064, 0.0008121254129634064, 0.0008121254129634064, 0.0008121254129634064, 0.0008121254129634064, 0.0008121254129634064, 0.0008121254129634064, 0.0008121254129634064, 0.8499981680693227, 0.8499981680693227, 0.8499981680693227, 0.8499981680693227, 0.8499981680693227, 0.8499981680693227, 0.8499981680693227, 0.8499981680693227, 0.8499981680693227, 0.8499981680693227, 0.8499981680693227, 0.8499981680693227, 0.8499981680693227, 0.8499981680693227, 0.8499981680693227, 0.8499981680693227, 0.8499981680693227, 0.8499981680693227, 0.8499981680693227, 0.8499981680693227, 0.8499981680693227]


[19, 17]
[17, 19, 26, 9, 18, 27, 25, 22, 16, 24, 11, 29, 13, 12, 20, 10, 15, 23, 14, 21, 28]
[0, 0, 0, 0, 0, 0, 0, 0, 0, 2, 2, 2, 2, 2, 2, 2, 2, 2, 2, 2, 2, 2, 2, 2, 2, 2, 2, 2, 2, 2]
[0.0008121254129634064, 0.0008121254129634064, 0.0008121254129634064, 0.0008121254129634064, 0.0008121254129634064, 0.0008121254129634064, 0.0008121254129634064, 0.0008121254129634064, 0.0008121254129634064, 0.8499981680693227, 0.8499981680693227, 0.8499981680693227, 0.8499981680693227, 0.8499981680693227, 0.8499981680693227, 0.8499981680693227, 0.8499981680693227, 0.8499981680693227, 0.8499981680693227, 0.8499981680693227, 0.8499981680693227, 0.8499981680693227, 0.8499981680693227, 0.8499981680693227, 0.8499981680693227, 0.8499981680693227, 0.8499981680693227, 0.8499981680693227, 0.8499981680693227, 0.8499981680693227]


[27, 17]
[17, 27, 19, 9, 26, 11, 22, 16, 23, 24, 29, 18, 25, 10, 15, 12, 14, 28, 13, 20, 21]
[0, 0, 0, 0, 0, 0, 0, 0, 0, 3, 3, 3, 3, 3, 3, 3, 3, 3, 3, 3, 3, 3, 3, 3, 3, 3, 3, 3, 3, 3]
[0.0008121254129634064, 0.0008121254129634064, 0.0008121254129634064, 0.0008121254129634064, 0.0008121254129634064, 0.0008121254129634064, 0.0008121254129634064, 0.0008121254129634064, 0.0008121254129634064, 0.8499981680693227, 0.8499981680693227, 0.8499981680693227, 0.8499981680693227, 0.8499981680693227, 0.8499981680693227, 0.8499981680693227, 0.8499981680693227, 0.8499981680693227, 0.8499981680693227, 0.8499981680693227, 0.8499981680693227, 0.8499981680693227, 0.8499981680693227, 0.8499981680693227, 0.8499981680693227, 0.8499981680693227, 0.8499981680693227, 0.8499981680693227, 0.8499981680693227, 0.8499981680693227]


[22, 11]
[11, 22, 19, 25, 9, 15, 14, 17, 16, 26, 18, 23, 27, 13, 29, 20, 12, 24, 10, 28, 21]
[0, 0, 0, 0, 0, 0, 0, 0, 0, 4, 4, 4, 4, 4, 4, 4, 4, 4, 4, 4, 4, 4, 4, 4, 4, 4, 4, 4, 4, 4]
[0.0008121254129634064, 0.0008121254129634064, 0.0008121254129634064, 0.0008121254129634064, 0.0008121254129634064, 0.0008121254129634064, 0.0008121254129634064, 0.0008121254129634064, 0.0008121254129634064, 0.8499981680693227, 0.8499981680693227, 0.8499981680693227, 0.8499981680693227, 0.8499981680693227, 0.8499981680693227, 0.8499981680693227, 0.8499981680693227, 0.8499981680693227, 0.8499981680693227, 0.8499981680693227, 0.8499981680693227, 0.8499981680693227, 0.8499981680693227, 0.8499981680693227, 0.8499981680693227, 0.8499981680693227, 0.8499981680693227, 0.8499981680693227, 0.8499981680693227, 0.8499981680693227]


[25, 9]
[9, 25, 22, 19, 11, 18, 15, 17, 23, 24, 14, 29, 16, 26, 20, 27, 13, 12, 10, 28, 21]
[0, 0, 0, 0, 0, 0, 0, 0, 0, 5, 5, 5, 5, 5, 5, 5, 5, 5, 5, 5, 5, 5, 5, 5, 5, 5, 5, 5, 5, 5]
[0.0008121254129634064, 0.0008121254129634064, 0.0008121254129634064, 0.0008121254129634064, 0.0008121254129634064, 0.0008121254129634064, 0.0008121254129634064, 0.0008121254129634064, 0.0008121254129634064, 0.8499981680693227, 0.8499981680693227, 0.8499981680693227, 0.8499981680693227, 0.8499981680693227, 0.8499981680693227, 0.8499981680693227, 0.8499981680693227, 0.8499981680693227, 0.8499981680693227, 0.8499981680693227, 0.8499981680693227, 0.8499981680693227, 0.8499981680693227, 0.8499981680693227, 0.8499981680693227, 0.8499981680693227, 0.8499981680693227, 0.8499981680693227, 0.8499981680693227, 0.8499981680693227]


[22, 25]
[22, 25, 19, 15, 17, 14, 9, 11, 26, 24, 18, 16, 23, 13, 29, 12, 20, 27, 10, 21, 28]
[0, 0, 0, 0, 0, 0, 0, 0, 0, 6, 6, 6, 6, 6, 6, 6, 6, 6, 6, 6, 6, 6, 6, 6, 6, 6, 6, 6, 6, 6]
[0.0008121254129634064, 0.0008121254129634064, 0.0008121254129634064, 0.0008121254129634064, 0.0008121254129634064, 0.0008121254129634064, 0.0008121254129634064, 0.0008121254129634064, 0.0008121254129634064, 0.8499981680693227, 0.8499981680693227, 0.8499981680693227, 0.8499981680693227, 0.8499981680693227, 0.8499981680693227, 0.8499981680693227, 0.8499981680693227, 0.8499981680693227, 0.8499981680693227, 0.8499981680693227, 0.8499981680693227, 0.8499981680693227, 0.8499981680693227, 0.8499981680693227, 0.8499981680693227, 0.8499981680693227, 0.8499981680693227, 0.8499981680693227, 0.8499981680693227, 0.8499981680693227]


[10, 27]
[10, 27, 19, 22, 16, 17, 9, 25, 24, 15, 23, 26, 12, 11, 14, 29, 18, 13, 20, 21, 28]
[0, 0, 0, 0, 0, 0, 0, 0, 0, 7, 7, 7, 7, 7, 7, 7, 7, 7, 7, 7, 7, 7, 7, 7, 7, 7, 7, 7, 7, 7]
[0.0008121254129634064, 0.0008121254129634064, 0.0008121254129634064, 0.0008121254129634064, 0.0008121254129634064, 0.0008121254129634064, 0.0008121254129634064, 0.0008121254129634064, 0.0008121254129634064, 0.8499981680693227, 0.8499981680693227, 0.8499981680693227, 0.8499981680693227, 0.8499981680693227, 0.8499981680693227, 0.8499981680693227, 0.8499981680693227, 0.8499981680693227, 0.8499981680693227, 0.8499981680693227, 0.8499981680693227, 0.8499981680693227, 0.8499981680693227, 0.8499981680693227, 0.8499981680693227, 0.8499981680693227, 0.8499981680693227, 0.8499981680693227, 0.8499981680693227, 0.8499981680693227]


[14, 22]
[14, 22, 19, 15, 25, 26, 9, 17, 13, 12, 16, 24, 29, 18, 11, 23, 20, 27, 10, 21, 28]
[0, 0, 0, 0, 0, 0, 0, 0, 0, 8, 8, 8, 8, 8, 8, 8, 8, 8, 8, 8, 8, 8, 8, 8, 8, 8, 8, 8, 8, 8]
[0.0008121254129634064, 0.0008121254129634064, 0.0008121254129634064, 0.0008121254129634064, 0.0008121254129634064, 0.0008121254129634064, 0.0008121254129634064, 0.0008121254129634064, 0.0008121254129634064, 0.8499981680693227, 0.8499981680693227, 0.8499981680693227, 0.8499981680693227, 0.8499981680693227, 0.8499981680693227, 0.8499981680693227, 0.8499981680693227, 0.8499981680693227, 0.8499981680693227, 0.8499981680693227, 0.8499981680693227, 0.8499981680693227, 0.8499981680693227, 0.8499981680693227, 0.8499981680693227, 0.8499981680693227, 0.8499981680693227, 0.8499981680693227, 0.8499981680693227, 0.8499981680693227]


[9, 28]
[9, 28, 22, 19, 15, 12, 17, 24, 25, 26, 16, 23, 13, 14, 11, 18, 29, 27, 20, 10, 21]
[0, 0, 0, 0, 0, 0, 0, 0, 0, 9, 9, 9, 9, 9, 9, 9, 9, 9, 9, 9, 9, 9, 9, 9, 9, 9, 9, 9, 9, 9]
[0.0008121254129634064, 0.0008121254129634064, 0.0008121254129634064, 0.0008121254129634064, 0.0008121254129634064, 0.0008121254129634064, 0.0008121254129634064, 0.0008121254129634064, 0.0008121254129634064, 0.8499981680693227, 0.8499981680693227, 0.8499981680693227, 0.8499981680693227, 0.8499981680693227, 0.8499981680693227, 0.8499981680693227, 0.8499981680693227, 0.8499981680693227, 0.8499981680693227, 0.8499981680693227, 0.8499981680693227, 0.8499981680693227, 0.8499981680693227, 0.8499981680693227, 0.8499981680693227, 0.8499981680693227, 0.8499981680693227, 0.8499981680693227, 0.8499981680693227, 0.8499981680693227]


[9, 16]
[9, 16, 19, 22, 15, 24, 26, 17, 25, 12, 13, 14, 11, 18, 23, 29, 27, 28, 20, 21, 10]
[0, 0, 0, 0, 0, 0, 0, 0, 0, 10, 10, 10, 10, 10, 10, 10, 10, 10, 10, 10, 10, 10, 10, 10, 10, 10, 10, 10, 10, 10]
[0.0008121254129634064, 0.0008121254129634064, 0.0008121254129634064, 0.0008121254129634064, 0.0008121254129634064, 0.0008121254129634064, 0.0008121254129634064, 0.0008121254129634064, 0.0008121254129634064, 0.8499981680693227, 0.8499981680693227, 0.8499981680693227, 0.8499981680693227, 0.8499981680693227, 0.8499981680693227, 0.8499981680693227, 0.8499981680693227, 0.8499981680693227, 0.8499981680693227, 0.8499981680693227, 0.8499981680693227, 0.8499981680693227, 0.8499981680693227, 0.8499981680693227, 0.8499981680693227, 0.8499981680693227, 0.8499981680693227, 0.8499981680693227, 0.8499981680693227, 0.8499981680693227]


[15, 9]
[9, 15, 22, 19, 24, 13, 12, 17, 25, 26, 14, 16, 23, 11, 29, 18, 27, 20, 28, 21, 10]
[0, 0, 0, 0, 0, 0, 0, 0, 0, 11, 11, 11, 11, 11, 11, 11, 11, 11, 11, 11, 11, 11, 11, 11, 11, 11, 11, 11, 11, 11]
[0.0008121254129634064, 0.0008121254129634064, 0.0008121254129634064, 0.0008121254129634064, 0.0008121254129634064, 0.0008121254129634064, 0.0008121254129634064, 0.0008121254129634064, 0.0008121254129634064, 0.8499981680693227, 0.8499981680693227, 0.8499981680693227, 0.8499981680693227, 0.8499981680693227, 0.8499981680693227, 0.8499981680693227, 0.8499981680693227, 0.8499981680693227, 0.8499981680693227, 0.8499981680693227, 0.8499981680693227, 0.8499981680693227, 0.8499981680693227, 0.8499981680693227, 0.8499981680693227, 0.8499981680693227, 0.8499981680693227, 0.8499981680693227, 0.8499981680693227, 0.8499981680693227]


[23, 14]
[14, 23, 22, 19, 15, 26, 25, 9, 12, 17, 24, 13, 29, 16, 11, 18, 27, 28, 20, 10, 21]
[0, 0, 0, 0, 0, 0, 0, 0, 0, 12, 12, 12, 12, 12, 12, 12, 12, 12, 12, 12, 12, 12, 12, 12, 12, 12, 12, 12, 12, 12]
[0.0008121254129634064, 0.0008121254129634064, 0.0008121254129634064, 0.0008121254129634064, 0.0008121254129634064, 0.0008121254129634064, 0.0008121254129634064, 0.0008121254129634064, 0.0008121254129634064, 0.8499981680693227, 0.8499981680693227, 0.8499981680693227, 0.8499981680693227, 0.8499981680693227, 0.8499981680693227, 0.8499981680693227, 0.8499981680693227, 0.8499981680693227, 0.8499981680693227, 0.8499981680693227, 0.8499981680693227, 0.8499981680693227, 0.8499981680693227, 0.8499981680693227, 0.8499981680693227, 0.8499981680693227, 0.8499981680693227, 0.8499981680693227, 0.8499981680693227, 0.8499981680693227]


[26, 24]
[24, 26, 22, 19, 17, 12, 25, 15, 16, 13, 9, 29, 11, 23, 14, 28, 21, 27, 18, 20, 10]
[0, 0, 0, 0, 0, 0, 0, 0, 0, 13, 13, 13, 13, 13, 13, 13, 13, 13, 13, 13, 13, 13, 13, 13, 13, 13, 13, 13, 13, 13]
[0.0008121254129634064, 0.0008121254129634064, 0.0008121254129634064, 0.0008121254129634064, 0.0008121254129634064, 0.0008121254129634064, 0.0008121254129634064, 0.0008121254129634064, 0.0008121254129634064, 0.8499981680693227, 0.8499981680693227, 0.8499981680693227, 0.8499981680693227, 0.8499981680693227, 0.8499981680693227, 0.8499981680693227, 0.8499981680693227, 0.8499981680693227, 0.8499981680693227, 0.8499981680693227, 0.8499981680693227, 0.8499981680693227, 0.8499981680693227, 0.8499981680693227, 0.8499981680693227, 0.8499981680693227, 0.8499981680693227, 0.8499981680693227, 0.8499981680693227, 0.8499981680693227]


[17, 13]
[13, 17, 22, 19, 26, 15, 24, 25, 12, 11, 16, 9, 29, 14, 23, 18, 28, 27, 21, 20, 10]
[0, 0, 0, 0, 0, 0, 0, 0, 0, 14, 14, 14, 14, 14, 14, 14, 14, 14, 14, 14, 14, 14, 14, 14, 14, 14, 14, 14, 14, 14]
[0.0008121254129634064, 0.0008121254129634064, 0.0008121254129634064, 0.0008121254129634064, 0.0008121254129634064, 0.0008121254129634064, 0.0008121254129634064, 0.0008121254129634064, 0.0008121254129634064, 0.8499981680693227, 0.8499981680693227, 0.8499981680693227, 0.8499981680693227, 0.8499981680693227, 0.8499981680693227, 0.8499981680693227, 0.8499981680693227, 0.8499981680693227, 0.8499981680693227, 0.8499981680693227, 0.8499981680693227, 0.8499981680693227, 0.8499981680693227, 0.8499981680693227, 0.8499981680693227, 0.8499981680693227, 0.8499981680693227, 0.8499981680693227, 0.8499981680693227, 0.8499981680693227]


[27, 11]
[11, 27, 19, 22, 25, 26, 17, 13, 9, 16, 15, 24, 12, 14, 23, 29, 18, 20, 28, 21, 10]
[0, 0, 0, 0, 0, 0, 0, 0, 0, 15, 15, 15, 15, 15, 15, 15, 15, 15, 15, 15, 15, 15, 15, 15, 15, 15, 15, 15, 15, 15]
[0.0008121254129634064, 0.0008121254129634064, 0.0008121254129634064, 0.0008121254129634064, 0.0008121254129634064, 0.0008121254129634064, 0.0008121254129634064, 0.0008121254129634064, 0.0008121254129634064, 0.8499981680693227, 0.8499981680693227, 0.8499981680693227, 0.8499981680693227, 0.8499981680693227, 0.8499981680693227, 0.8499981680693227, 0.8499981680693227, 0.8499981680693227, 0.8499981680693227, 0.8499981680693227, 0.8499981680693227, 0.8499981680693227, 0.8499981680693227, 0.8499981680693227, 0.8499981680693227, 0.8499981680693227, 0.8499981680693227, 0.8499981680693227, 0.8499981680693227, 0.8499981680693227]


[26, 28]
[26, 28, 22, 19, 12, 16, 25, 17, 24, 13, 15, 9, 11, 14, 23, 29, 27, 21, 10, 18, 20]
[0, 0, 0, 0, 0, 0, 0, 0, 0, 16, 16, 16, 16, 16, 16, 16, 16, 16, 16, 16, 16, 16, 16, 16, 16, 16, 16, 16, 16, 16]
[0.0008121254129634064, 0.0008121254129634064, 0.0008121254129634064, 0.0008121254129634064, 0.0008121254129634064, 0.0008121254129634064, 0.0008121254129634064, 0.0008121254129634064, 0.0008121254129634064, 0.8499981680693227, 0.8499981680693227, 0.8499981680693227, 0.8499981680693227, 0.8499981680693227, 0.8499981680693227, 0.8499981680693227, 0.8499981680693227, 0.8499981680693227, 0.8499981680693227, 0.8499981680693227, 0.8499981680693227, 0.8499981680693227, 0.8499981680693227, 0.8499981680693227, 0.8499981680693227, 0.8499981680693227, 0.8499981680693227, 0.8499981680693227, 0.8499981680693227, 0.8499981680693227]


[20, 16]
[16, 20, 22, 19, 26, 15, 25, 13, 17, 12, 24, 11, 9, 14, 27, 29, 23, 28, 18, 10, 21]
[0, 0, 0, 0, 0, 0, 0, 0, 0, 17, 17, 17, 17, 17, 17, 17, 17, 17, 17, 17, 17, 17, 17, 17, 17, 17, 17, 17, 17, 17]
[0.0008121254129634064, 0.0008121254129634064, 0.0008121254129634064, 0.0008121254129634064, 0.0008121254129634064, 0.0008121254129634064, 0.0008121254129634064, 0.0008121254129634064, 0.0008121254129634064, 0.8499981680693227, 0.8499981680693227, 0.8499981680693227, 0.8499981680693227, 0.8499981680693227, 0.8499981680693227, 0.8499981680693227, 0.8499981680693227, 0.8499981680693227, 0.8499981680693227, 0.8499981680693227, 0.8499981680693227, 0.8499981680693227, 0.8499981680693227, 0.8499981680693227, 0.8499981680693227, 0.8499981680693227, 0.8499981680693227, 0.8499981680693227, 0.8499981680693227, 0.8499981680693227]


[10, 25]
[10, 25, 22, 19, 15, 24, 11, 26, 12, 13, 16, 17, 14, 29, 28, 9, 23, 18, 27, 20, 21]
[0, 0, 0, 0, 0, 0, 0, 0, 0, 18, 18, 18, 18, 18, 18, 18, 18, 18, 18, 18, 18, 18, 18, 18, 18, 18, 18, 18, 18, 18]
[0.0008121254129634064, 0.0008121254129634064, 0.0008121254129634064, 0.0008121254129634064, 0.0008121254129634064, 0.0008121254129634064, 0.0008121254129634064, 0.0008121254129634064, 0.0008121254129634064, 0.8499981680693227, 0.8499981680693227, 0.8499981680693227, 0.8499981680693227, 0.8499981680693227, 0.8499981680693227, 0.8499981680693227, 0.8499981680693227, 0.8499981680693227, 0.8499981680693227, 0.8499981680693227, 0.8499981680693227, 0.8499981680693227, 0.8499981680693227, 0.8499981680693227, 0.8499981680693227, 0.8499981680693227, 0.8499981680693227, 0.8499981680693227, 0.8499981680693227, 0.8499981680693227]


[21, 10]
[10, 21, 15, 22, 19, 13, 26, 25, 24, 16, 11, 12, 17, 14, 9, 29, 27, 28, 23, 18, 20]
[0, 0, 0, 0, 0, 0, 0, 0, 0, 19, 19, 19, 19, 19, 19, 19, 19, 19, 19, 19, 19, 19, 19, 19, 19, 19, 19, 19, 19, 19]
[0.0008121254129634064, 0.0008121254129634064, 0.0008121254129634064, 0.0008121254129634064, 0.0008121254129634064, 0.0008121254129634064, 0.0008121254129634064, 0.0008121254129634064, 0.0008121254129634064, 0.8499981680693227, 0.8499981680693227, 0.8499981680693227, 0.8499981680693227, 0.8499981680693227, 0.8499981680693227, 0.8499981680693227, 0.8499981680693227, 0.8499981680693227, 0.8499981680693227, 0.8499981680693227, 0.8499981680693227, 0.8499981680693227, 0.8499981680693227, 0.8499981680693227, 0.8499981680693227, 0.8499981680693227, 0.8499981680693227, 0.8499981680693227, 0.8499981680693227, 0.8499981680693227]


[19, 14]
[14, 19, 22, 13, 26, 15, 25, 11, 17, 29, 16, 24, 12, 9, 27, 10, 28, 18, 20, 21, 23]
[0, 0, 0, 0, 0, 0, 0, 0, 0, 20, 20, 20, 20, 20, 20, 20, 20, 20, 20, 20, 20, 20, 20, 20, 20, 20, 20, 20, 20, 20]
[0.0008121254129634064, 0.0008121254129634064, 0.0008121254129634064, 0.0008121254129634064, 0.0008121254129634064, 0.0008121254129634064, 0.0008121254129634064, 0.0008121254129634064, 0.0008121254129634064, 0.8499981680693227, 0.8499981680693227, 0.8499981680693227, 0.8499981680693227, 0.8499981680693227, 0.8499981680693227, 0.8499981680693227, 0.8499981680693227, 0.8499981680693227, 0.8499981680693227, 0.8499981680693227, 0.8499981680693227, 0.8499981680693227, 0.8499981680693227, 0.8499981680693227, 0.8499981680693227, 0.8499981680693227, 0.8499981680693227, 0.8499981680693227, 0.8499981680693227, 0.8499981680693227]


